0.5568
0.2366999999999999
0.03639999999999999
0.45389999999999997
0.30909999999999993
0.19740000000000002
0.14559999999999995
0.10650000000000048
1.0136000000000003
0.26610000000000067
0.44209999999999994
0.19460000000000033
1.0485000000000007
0.10370000000000001
0.34799999999999986
0.06730000000000036
0.09860000000000024
0.03680000000000039
0.03260000000000007
0.3915000000000006
0.5928000000000004
0.9012000000000002
0.04080000000000006
0.30740000000000034
1.1207000000000003
0.7288000000000006
1.2960000000000003
1.2712000000000003
0.037900000000000045
0.7354000000000003
