0.02429999999999999
0.036900000000000044
0.009099999999999997
0.47969999999999935
0.07989999999999942
0.32339999999999947
0.12959999999999994
0.34079999999999977
0.0232
0.1376999999999997
0.23279999999999923
0.21789999999999932
0.31319999999999926
0.016900000000000026
0.013699999999999934
0.27889999999999926
0.02429999999999999
0.036900000000000044
0.009099999999999997
0.47969999999999935
0.07989999999999942
0.32339999999999947
0.12959999999999994
0.34079999999999977
0.0232
0.1376999999999997
0.23279999999999923
0.21789999999999932
0.31319999999999926
0.016900000000000026
