0.3437092364524025
0.32666071949251746
0.367518983461464
0.33598705374973076
0.35553795884355416
0.32741834560616956
0.36259610719304297
0.36096098033623014
0.3529543103491033
0.34037339877531786
0.329387841099132
0.3381054697717594
0.3550170463254099
0.3438140743238013
0.3586267490861369
0.3366043210588613
0.3437092364524025
0.32666071949251746
0.367518983461464
0.33598705374973076
0.35553795884355416
0.32741834560616956
0.36259610719304297
0.36096098033623014
0.3529543103491033
0.34037339877531786
0.329387841099132
0.3381054697717594
0.3550170463254099
0.3438140743238013
