0.002943684773628488
0.0038617704583441296
0.0033987891484899215
0.0026501521330999267
0.003944152219063202
0.0029866425276573842
0.003198886682948541
0.0031593761506474682
0.003659077365331256
0.0027165048384405447
0.0041672522431405665
0.002940359854137046
0.0031318736511646845
0.0036194241075447452
0.004036572549982586
0.0028005516035340466
0.002943684773628488
0.0038617704583441296
0.0033987891484899215
0.0026501521330999267
0.003944152219063202
0.0029866425276573842
0.003198886682948541
0.0031593761506474682
0.003659077365331256
0.0027165048384405447
0.0041672522431405665
0.002940359854137046
0.0031318736511646845
0.0036194241075447452
