-381.71105 88.24375 
-198.9962 0.0013 
-381.71105 88.24375 
-373.1551 68.9998 
-372.63135 19.4481 
-304.79285 2.4496 
-290.722 1.6329500000000001 
-313.3073 3.2952500000000002 
-237.18745 0.20875 
-360.11379999999997 11.986650000000001 
-283.0508 1.29745 
-332.67634999999996 5.22045 
-228.534 0.12204999999999999 
-277.43015 1.1985999999999999 
-258.8763 0.57135 
-343.37545 7.0741499999999995 
-319.29765 4.0307 
-377.6344 76.50995 
-243.21835 0.2787 
-364.99075000000005 14.37505 
-357.4196 10.88405 
-348.88345 8.463650000000001 
-376.56875 74.42585 
-271.0387 0.8696 
-339.154 6.4502 
-380.91094999999996 85.2927 
-380.00135 83.4062 
-378.52685 79.3613 
-266.88145 0.7592 
-374.1235 70.39845 
-329.1782 4.7369 
-248.73345 0.36285 
-201.80875 0.00225 
-366.58735 15.746300000000002 
-351.02255 10.8802 
-216.22095 0.04045 
-254.58190000000002 0.4829 
-379.6028 81.22409999999999 
-381.5508 87.60215 
-221.23255 0.06475 
-324.01155 4.1397 
-325.1236 4.38295 
-207.9247 0.0205 
-370.82075 17.95685 
-251.93630000000002 0.42715000000000003 
-223.9062 0.1227 
-349.03975 9.7209 
-340.17690000000005 6.606400000000001 
-369.2095 17.085549999999998 
-375.41855 72.42580000000001 
