-381.71105 88.24405 
-197.72750000000002 0.00115 
-381.71105 88.24405 
-373.0029 68.7875 
-372.63135 19.4481 
-296.29380000000003 1.9217 
-230.6976 0.15289999999999998 
-282.78155000000004 1.3899 
-270.4685 0.85105 
-249.54035 0.40249999999999997 
-258.49105 0.5509 
-239.25664999999998 0.23820000000000002 
-349.29134999999997 8.4414 
-279.38009999999997 1.16225 
-221.0556 0.07025 
-336.3569 6.0418 
-319.6303 3.85405 
-313.39945 3.07605 
-263.40635 0.7118 
-343.92785 7.2056000000000004 
-376.34119999999996 74.01214999999999 
-352.88795000000005 9.54225 
-244.3264 0.29445 
-340.79415 6.53785 
-331.0009 4.9739 
-377.23305 75.6943 
-374.55105000000003 71.0458 
-205.23865 0.006149999999999999 
-379.2002 80.26345 
-306.51275 2.58455 
-217.58625 0.05005 
-380.68690000000004 85.48984999999999 
-309.2158 2.7854 
-359.89975 12.054549999999999 
-377.95754999999997 77.7499 
-355.80575 10.60295 
-209.97865000000002 0.0185 
-363.3062 13.49795 
-301.70265 2.2558 
-323.72355 4.1960999999999995 
-381.4013 87.02420000000001 
-378.23665 78.69104999999999 
-374.38345000000004 70.78960000000001 
-372.03369999999995 19.01605 
-380.43224999999995 83.6734 
-370.334 17.61045 
-367.3248 15.71545 
-369.0398 16.65725 
-212.99115 0.028949999999999997 
-302.0915 2.28655 
