-381.73625000000004 88.11869999999999 
-198.04025000000001 3.0E-4 
-381.73625000000004 88.11869999999999 
-198.04025000000001 3.0E-4 
-372.986 19.74725 
-373.0865 68.529 
-309.64775 2.8277 
-299.94955 2.1187 
-269.05780000000004 0.8129500000000001 
-316.6669 3.4299999999999997 
-277.6491 1.0823 
-351.06285 8.840499999999999 
-355.47055 10.4132 
-359.23 11.5213 
-237.72505 0.20865 
-339.0802 6.2101500000000005 
-377.6925 76.29345 
-378.8791 79.0143 
-333.2913 5.28425 
-282.4543 1.26105 
-374.86365 71.16595 
-361.19135 13.72735 
-343.81314999999995 7.36905 
-246.44060000000002 0.3282 
-325.51795 4.2699 
-346.72355000000005 7.8619 
-225.36005 0.0907 
-322.7154 4.02095 
-260.96715 0.6463 
-244.12075 0.305 
-371.52085 18.6224 
-254.66585 0.4918 
-376.07835 73.1894 
-376.65505 74.23465 
-203.86235 0.0035 
-379.82815 81.71889999999999 
-231.8996 0.14755000000000001 
-381.6059 87.58475 
-369.82105 17.0767 
-373.37699999999995 68.9389 
-208.79185 0.0123 
-380.72225000000003 84.34105 
-364.78729999999996 14.236550000000001 
-288.36699999999996 1.5157 
-379.61834999999996 81.126 
-256.26919999999996 0.5252 
-380.85485 84.79214999999999 
-294.21745 1.7889 
-220.10535 0.0572 
-214.29264999999998 0.02955 
