-381.62890000000004 88.65145 
-197.68835 0.0066 
-197.68835 0.0066 
-381.62890000000004 88.65145 
-371.9628 68.74164999999999 
-371.4439 18.57865 
-214.68815 0.04315 
-379.66555000000005 82.3734 
-281.20655 1.23795 
-376.04359999999997 74.70595 
-292.58175 1.82485 
-262.71455000000003 0.6891499999999999 
-249.30875 0.40485000000000004 
-378.41290000000004 79.29249999999999 
-231.45350000000002 0.1522 
-377.5426 77.45295 
-380.7587 85.5981 
-272.41909999999996 0.9892000000000001 
-271.38599999999997 0.8997999999999999 
-313.30949999999996 3.11745 
-331.65864999999997 5.1379 
-239.6384 0.25285 
-357.55795 11.0653 
-373.39025000000004 71.37795 
-307.07365000000004 2.6362 
-347.9882 8.17015 
-374.47305 72.21585 
-315.84479999999996 3.3844 
-227.481 0.11915 
-366.66089999999997 15.62705 
-334.5534 5.87315 
-206.5015 0.01485 
-352.6141 9.61735 
-239.4776 0.24105000000000001 
-370.23175000000003 17.806350000000002 
-299.86789999999996 2.14785 
-321.1992 3.86315 
-255.54475 0.523 
-199.72305 0.01055 
-222.33215 0.08005000000000001 
-259.4334 0.6089 
-360.04285 13.09845 
-326.14045 4.4626 
-366.25585 15.3776 
-363.7056 13.58915 
-341.90905 6.84225 
-288.12295 1.58045 
-251.71405 0.45520000000000005 
-338.29769999999996 6.2354 
-205.647 0.0131 
