-381.71105 88.24405 
-194.861 0.001 
-194.861 0.001 
-381.71105 88.24405 
-373.01234999999997 68.80075 
-372.63135 19.4481 
-262.43875 0.6448 
-349.26885000000004 10.235949999999999 
-252.33530000000002 0.42945 
-274.57809999999995 1.0022 
-215.5093 0.0376 
-268.0018 0.7940499999999999 
-379.45205 80.81285 
-357.7987 11.243500000000001 
-340.46535 6.65085 
-298.33945 2.04135 
-235.19414999999998 0.21100000000000002 
-336.42650000000003 6.065149999999999 
-282.7792 1.31575 
-362.39520000000005 12.938400000000001 
-345.12495 7.868600000000001 
-317.2631 3.599 
-370.83155 18.0965 
-208.94414999999998 0.013649999999999999 
-378.2867 77.92895 
-231.54415 0.14325 
-303.2229 2.5298 
-364.5035 14.21405 
-222.61430000000001 0.0733 
-313.26595 3.0648 
-246.89755 0.33704999999999996 
-331.79935 5.1277 
-347.7105 8.3304 
-321.82214999999997 4.068849999999999 
-225.1051 0.11435 
-380.98810000000003 85.5193 
-377.73185 76.71435 
-292.85145 1.78215 
-358.60360000000003 11.742 
-243.1963 0.28475 
-380.22825 83.03965 
-375.0758 71.869 
-368.6723 16.32865 
-376.6257 74.531 
-376.3143 73.96385 
-204.97154999999998 0.014350000000000002 
-367.07349999999997 15.3936 
-329.6667 4.83595 
-309.32085 2.8487999999999998 
-307.19935 2.6409000000000002 
