-381.62890000000004 88.65145 
-197.68835 0.0066 
-381.62890000000004 88.65145 
-197.68835 0.0066 
-371.4439 18.57865 
-372.00665 68.79839999999999 
-296.7021 1.9636 
-285.0786 1.39345 
-378.7978 80.17925 
-330.93495 5.03675 
-227.29155 0.11575 
-304.0732 2.41685 
-261.03895 0.62155 
-368.5804 16.86355 
-322.60525 4.03495 
-351.6365 9.11545 
-217.15215 0.0509 
-360.24245 12.04485 
-363.87694999999997 13.67445 
-239.86605 0.24559999999999998 
-380.40655000000004 84.49535 
-273.3211 0.95915 
-269.45655 0.8780999999999999 
-206.5015 0.01485 
-336.97565 5.9549 
-255.77835 0.51 
-381.13340000000005 86.84925 
-213.51805000000002 0.039 
-376.5335 75.55535 
-363.87694999999997 13.67445 
-334.31145 5.63955 
-375.79815 74.2951 
-373.40245 70.6725 
-347.0945 8.26895 
-341.11154999999997 6.7032 
-280.0177 1.2087 
-278.38325 1.1311 
-318.9089 3.7789 
-233.68705 0.2011 
-246.47805 0.33945 
-206.73860000000002 0.01535 
-377.7221 77.81530000000001 
-250.43245 0.4051 
-313.86789999999996 3.2958499999999997 
-342.61135 7.887550000000001 
-380.40655000000004 84.49535 
-369.6211 17.444300000000002 
-309.5315 2.81075 
-377.534 77.43585 
-231.66835 0.16665 
