-381.62890000000004 88.65145 
-197.68835 0.0066 
-197.68835 0.0066 
-381.62890000000004 88.65145 
-372.17150000000004 69.01275 
-371.4439 18.57865 
-321.785 4.04275 
-363.5172 13.8306 
-357.88725 11.3309 
-374.38800000000003 72.08924999999999 
-308.86725 2.8109 
-237.47445 0.23399999999999999 
-336.32505000000003 5.89305 
-246.4172 0.34595 
-251.86485 0.43365 
-375.73735 75.41925 
-231.38434999999998 0.15605 
-326.20625 4.4262999999999995 
-377.4148 77.63499999999999 
-260.4677 0.61685 
-378.75155 80.07015 
-224.73795 0.097 
-342.9237 7.29655 
-270.9501 0.9217000000000001 
-367.6033 16.3015 
-288.17560000000003 1.63415 
-379.62570000000005 82.26635 
-381.29595 87.69485 
-220.0531 0.06655 
-372.26695 69.1377 
-300.20795 2.2099 
-344.2541 7.580400000000001 
-354.68475 10.0228 
-265.73389999999995 0.7496 
-200.39569999999998 0.00765 
-281.81444999999997 1.4332 
-349.16790000000003 8.45835 
-216.10485 0.0464 
-331.94354999999996 5.3694500000000005 
-282.22569999999996 1.445 
-353.40955 9.629100000000001 
-275.41805 1.04355 
-295.55314999999996 1.8992 
-380.20619999999997 83.89654999999999 
-331.94354999999996 5.3694500000000005 
-380.53585 84.89255 
-205.38479999999998 0.01265 
-304.44805 2.4421999999999997 
-211.1971 0.0269 
-263.61795 0.7255 
