-381.73625000000004 88.11869999999999 
-197.5683 3.0E-4 
-197.5683 3.0E-4 
-381.73625000000004 88.11869999999999 
-372.986 19.74725 
-373.08955000000003 68.5333 
-380.6087 83.9978 
-378.9216 79.1206 
-357.773 10.906849999999999 
-373.86154999999997 70.87655000000001 
-262.47069999999997 0.6554 
-377.58635000000004 76.35945 
-324.3202 4.3074 
-214.5394 0.03265 
-204.66935 0.0044 
-328.21365000000003 4.7153 
-366.66470000000004 15.15905 
-349.1812 8.72475 
-381.4777 87.07544999999999 
-301.49800000000005 2.20355 
-283.11165 1.2859 
-363.3109 13.2052 
-339.556 6.29425 
-376.18354999999997 73.3755 
-254.98495000000003 0.5004500000000001 
-244.1794 0.31235 
-297.52255 1.974 
-354.0401 9.901900000000001 
-344.23555 7.197 
-370.2481 17.38525 
-318.3126 3.50685 
-274.13890000000004 0.9634499999999999 
-314.7872 3.18505 
-238.42055 0.2273 
-215.85000000000002 0.03605 
-363.3109 13.2052 
-345.37440000000004 7.806800000000001 
-267.6277 0.7698 
-222.78705000000002 0.0769 
-337.32085 5.9993 
-229.30315000000002 0.1237 
-289.2108 1.5486499999999999 
-306.08565 2.51645 
-352.131 9.28215 
-203.70395000000002 0.00375 
-270.0771 0.8935 
-332.92655 5.31695 
-223.80095 0.08125 
-293.28175 1.80485 
-310.06895 2.7982 
