-381.73625000000004 88.11855 
-198.95479999999998 3.5E-4 
-381.73625000000004 88.11855 
-373.0702 68.50635 
-372.986 19.74725 
-377.85085000000004 76.63155 
-308.40184999999997 2.6788499999999997 
-319.25765 3.6121499999999997 
-375.77070000000003 72.6559 
-293.06669999999997 1.76535 
-235.18015 0.17809999999999998 
-256.37585 0.54165 
-333.67115 5.3387 
-216.7769 0.042499999999999996 
-325.72855000000004 4.9757 
-286.0216 1.5118 
-205.56755 0.0057 
-358.52914999999996 11.184149999999999 
-298.34695 2.01955 
-303.4066 2.3252 
-379.43005000000005 80.44585000000001 
-224.63665 0.09035 
-227.4533 0.1157 
-374.77015 71.01865000000001 
-276.68330000000003 1.1261 
-281.735 1.29215 
-360.4337 12.6265 
-268.73064999999997 0.8624499999999999 
-362.1788 14.1022 
-240.55335000000002 0.2474 
-323.59569999999997 4.0652 
-348.8437 8.6174 
-354.3789 9.7743 
-345.03535 7.922600000000001 
-244.4298 0.3003 
-272.27009999999996 0.90725 
-337.52015 6.1919 
-342.23515 7.0718 
-368.05185 16.216 
-248.92645 0.36355000000000004 
-263.04470000000003 0.6844 
-364.79785000000004 15.111450000000001 
-379.6343 81.0081 
-373.31965 68.85745 
-351.47495 9.1578 
-261.63625 0.6369499999999999 
-371.86395000000005 18.7845 
-210.8618 0.03275 
-211.76295 0.042899999999999994 
-336.6105 6.02855 
