0.39443187055225787 39.99077087400793 0  
0.0022772627141588522 20.29424918768192 1  
0.0017021124392205447 20.173531598291444 1  
0.39829881621917645 39.88875504686158 0  
0.3999576793893849 23.596533155463103 0  
0.3992229733740276 39.70511128585804 1  
0.2164307816964735 37.71097123879561 1  
0.3565118156228554 37.753296060447994 1  
0.32589396625630934 38.15425237171655 1  
0.39748114177361826 24.512292177328966 0  
0.18282766027283365 38.39513838991439 1  
0.059499356823659616 35.288206241319116 1  
0.24655081732214645 38.975632362592506 1  
0.068591797386355 38.23666806311867 1  
0.0755135499024811 39.11262545861541 1  
0.3825423337357609 25.543617749065504 0  
0.04617096509341325 37.77782264201538 1  
0.21701100723206346 39.70511128585804 1  
0.38726919743360355 26.778301693257525 0  
0.0903716044928857 38.679849979785246 1  
0.395704518261764 28.4446069257242 0  
0.03511794496609456 39.004020607740244 1  
0.2783469019343409 37.26096872155512 1  
0.11239160373535272 37.261913719668655 1  
0.3875619304324134 37.09033124086618 1  
0.1505969483669666 35.8939811069908 1  
0.39581904463721235 30.214842175259825 0  
0.38775154060407774 37.08842443683301 0  
0.028540955718021538 39.004020607740244 1  
0.3999576793893849 23.629908038981068 0  
0.16455419091640017 38.37783367271235 1  
0.2826523868211137 37.261913719668655 1  
0.30170439445092484 39.87823617312628 1  
0.09934749272279053 38.625535149927146 1  
0.0021855900532671744 22.479635411015323 1  
0.1498652812674355 33.06807163302368 1  
0.2819888970064491 39.6197701360555 1  
0.023409091782175893 38.49814434634307 1  
0.24567499975661033 37.27520481265846 1  
0.1498652812674355 33.25828562699865 1  
0.2969153691057264 39.90877294270924 1  
0.11624576770172361 38.61257418226122 1  
0.1505969483669666 39.869285332748156 1  
0.3999884510793289 31.858991755546878 0  
0.24567499975661033 37.27520481265846 1  
0.3999884510793289 33.04737286137208 0  
0.00254774293766008 34.7154331577781 1  
0.168382539355649 39.96387586642499 1  
0.016186962248396088 39.73649878239959 1  
0.10207979154994805 36.293393018497724 1  
