0.39628806268427386 39.855608241694135 0  
9.966684169613323E-5 22.55065831562679 1  
0.3999945319960974 39.905654271575855 0  
0.39966080717716 23.61990320094308 0  
0.3999826381350013 39.905654271575855 1  
0.1526955504142804 39.31414358906091 1  
0.05022597555200886 34.12703136437425 1  
0.1425842529032218 35.17269883840654 1  
0.10421494012556862 39.855709221549084 1  
0.0776305440185584 36.27639523741321 1  
0.08528315797669771 39.47314803265838 1  
0.05911230832915841 37.195448248360215 1  
0.2836233191613833 39.28801923426562 1  
0.12255249632041737 38.85453636442527 1  
0.033345351839895204 35.246488799876275 1  
0.26014506774281687 36.972774183269976 1  
0.21771324710990378 36.58398513371377 1  
0.18581527047936974 39.98384353563409 1  
0.10274584154857413 35.924659227446824 1  
0.2662163464505522 39.30960469489067 1  
0.398705843472961 25.411896676398456 0  
0.3030485540542805 38.4324637310548 1  
0.0626356228688468 39.80147162014541 1  
0.25358927643313767 39.9949787591258 1  
0.2270875219216964 39.97589555749568 1  
0.3991040836595274 26.183136658386022 0  
0.3996791757046424 24.30284203594526 0  
0.008375559917456851 39.34045151734722 1  
0.39521257453640196 28.974297117046845 0  
0.17548765739833028 38.85453636442527 1  
0.02819626680581802 35.04219795534695 1  
0.38848214828304733 33.70050395802975 0  
0.18129380561357827 38.85075858286489 1  
0.3359873490653768 37.97147763584528 1  
0.3924477902453349 27.12040225306774 0  
0.3219358664191646 37.55617047373598 1  
0.01717139536761699 34.20150656967714 1  
0.3487476576866872 38.38209592395747 1  
0.16505742544726348 38.94666347386613 1  
0.21916777205796664 38.03545926405049 1  
0.3989715423829439 37.258859914474016 0  
0.3903361758770908 27.571969145443045 0  
0.3996791757046424 24.21932916645338 0  
0.39916626424409773 39.30617623665936 1  
0.399872827838979 32.28388731147847 0  
0.3830919756461228 39.256414615285664 1  
0.3715798801966377 38.37594982480609 1  
0.37393721723021783 39.256414615285664 1  
0.021446665629361206 34.692266855221405 1  
0.16652140123778475 38.79498824582447 1  
