0.3998137525660256 39.914083003107166 0  
0.0011640787255043895 24.681220440165088 1  
0.3995408310710393 39.91461711487669 0  
2.3935649105577333E-4 24.681220440165088 1  
0.39939675159591115 39.9842462605823 1  
0.39809159662149896 23.577256452111335 0  
0.1835480728231268 38.57352091535991 1  
0.15867281520999627 39.62115979527978 1  
0.10272951464060903 39.45987502947955 1  
0.1995570397283769 38.51983795881558 1  
0.11706821129255099 39.62019604462404 1  
0.28645847419667886 39.71405890030041 1  
0.3170268659594568 37.95361833963116 1  
0.3199364821160518 39.45314727456388 1  
0.05350038351464266 39.33848427462291 1  
0.24803484590592328 39.90825493285923 1  
0.39970996025226646 26.581283108361863 0  
0.39997875383277953 28.24692944474978 0  
0.2324829728689437 39.88273934343517 1  
0.12560927210190082 39.62019604462404 1  
0.3995351868602134 24.387618416864886 0  
0.39695901231801844 32.9075679908831 1  
0.278246057028707 37.60413470150744 1  
0.06691181346855558 39.17268878677003 1  
0.21310752758198834 39.86798268438131 1  
0.278246057028707 38.857193212108974 1  
0.035200484312870456 39.82789217457933 1  
0.21197628771582158 38.853783109477156 1  
0.09808581457641581 36.019195392760984 1  
0.06691181346855558 37.15873090120675 1  
0.3948702893249745 38.9970950593424 1  
0.08438417236989448 37.1020940666391 1  
0.3995351868602134 25.136695773965343 0  
0.3995351868602134 25.578398116352773 0  
0.007011899424822887 37.4765675381703 1  
0.39686697866789533 30.340599114971443 0  
0.04540843406491696 38.98643911081351 1  
0.39941637019114673 38.723442925446186 0  
0.3735354853929441 39.833130917902594 1  
0.3981131787311603 23.693052871188748 0  
0.013016483311431272 39.416157236501746 1  
0.39983442761550636 33.33716665164325 0  
0.3565452950243382 38.38221796847231 1  
0.13701086894623155 39.45314727456388 1  
0.39686697866789533 29.809437378782143 0  
0.08708214114600683 37.10631879404435 1  
0.39880471123519434 33.943256637513194 0  
0.146464992612512 39.88787978214287 1  
0.02803078640972817 39.74158331252396 1  
0.020096982377153214 39.88066876612342 1  
