0.39903748060661964 39.99719746797222 0  
5.096089094780632E-4 23.689658828696068 1  
3.899952773370719E-4 23.689658828696068 1  
0.39904724846064554 39.997921118797024 0  
0.3997940252655162 39.9965783206881 1  
0.3994349457092808 23.578463686232993 0  
0.3977376557355301 32.870964789504086 0  
0.39903748060661964 28.321572935482543 0  
0.31016349734964355 39.9425355623312 1  
0.39038894603075625 24.138593216647124 0  
0.09494239739826836 38.17361737759714 1  
0.39614953453999724 26.53232348535593 0  
0.22457113756894342 37.3858656428322 1  
0.022256420191349498 36.86756903262874 1  
0.007568710799457472 39.616055735289535 1  
0.22899521588454488 38.28477988508443 1  
0.3610614843535609 39.02644934494216 1  
0.3020469050121858 36.909286241965006 1  
0.3997940252655162 37.69289016727348 0  
0.16061138269929082 39.97873214377177 1  
0.1266122289432459 39.67683112417419 1  
0.33494924855386693 39.96256503402873 1  
0.24937389804533538 39.971424494471876 1  
0.39920254826185053 25.21238206948743 0  
0.08540705775050521 36.89467866836804 1  
0.0688969272186189 36.17269942080941 1  
0.15352559472346913 39.70926782621144 1  
0.30858130003417944 38.28477988508443 1  
0.26305820348233594 39.994639794757106 1  
0.3760156904680887 39.89018576888363 1  
0.19617577406221703 39.9973908818483 1  
0.11079954118889507 39.67683112417419 1  
0.1883544951354275 39.990989907154535 1  
0.058149923622553265 36.97674099073217 1  
0.022256420191349498 39.74782750635164 1  
0.33494924855386693 39.96256503402873 1  
0.2892447764572399 36.8580715496031 1  
0.09971849872826921 39.69236032410471 1  
0.033833135303091635 37.38995348381627 1  
0.24937389804533538 38.930484652662955 1  
0.04160369001750487 39.02644934494216 1  
0.13779264889282009 39.67683112417419 1  
0.17102367048278855 39.643780395156114 1  
0.29859073175324713 38.631970136364906 1  
0.007768663400020151 33.955095726680646 1  
0.11363838905138783 36.346566904056814 1  
0.23786574021031548 38.84637231139793 1  
0.033833135303091635 38.943414524041025 1  
0.1527897821633249 37.81581743718005 1  
0.1781966215867612 39.96126709517557 1  
