0.3929633532093247 39.66154212673172 0  
1.7730520135525902E-4 20.268319836621608 1  
0.39997547151616375 39.927518015559144 0  
0.0013588102571963634 20.40256166714893 1  
0.399994412350414 39.927518015559144 1  
0.3982461797319046 23.53988362448056 0  
0.15293453273278618 39.477604759236215 1  
0.13084143208414795 39.914310555162494 1  
0.39739932047767457 28.52282062243209 0  
0.22888186189116708 39.97206526879338 1  
0.03824638936027576 39.8762109793217 1  
0.1676097936214856 39.691119403644066 1  
0.08938080983853021 39.511060976988354 1  
0.3982461797319046 37.47643031240841 1  
0.21017193472075157 39.163322292111474 1  
0.2905117764762445 39.96722745895297 1  
0.0243730404810929 39.23543588063791 1  
0.3254664845344417 39.3977998495583 1  
0.34204051975163574 39.9491269517882 1  
0.05647124750535613 39.98745170255596 1  
0.3902407117594562 32.55423688441348 0  
0.10995243639923295 39.9662708427949 1  
0.11011817513565321 37.12266425657668 1  
1.7730520135525902E-4 39.89810471804751 1  
0.2451318501386428 39.477604759236215 1  
0.08178817330536728 39.08904942658664 1  
0.3982461797319046 35.93237846818696 0  
0.02390503889177073 32.55423688441348 1  
0.3904406667335963 25.864284691571754 0  
0.34204051975163574 39.91786407780319 1  
0.24582876417064345 38.231556991433344 1  
0.3904273016829315 25.32340890051342 0  
0.3976164751306872 24.06451944416657 0  
0.29432265749665193 36.99860611517569 1  
0.25773631172677114 39.35347996744284 1  
0.124430673347734 38.64833839154644 1  
0.11879432862511263 39.54950221226592 1  
0.21283244965249423 37.12226106861103 1  
0.05804218309805258 32.55423688441348 1  
0.06643319692565862 39.851253363830196 1  
0.010306292852241558 39.85328436649878 1  
0.3919579747981839 27.011934273375715 0  
0.0725208623103339 39.72062910225793 1  
0.20075918811066676 37.12226106861103 1  
0.3173551190923947 32.706182953045854 1  
0.3902407117594562 32.55423688441348 0  
0.3999994300162541 38.16629159503028 1  
0.17902448499233006 39.51845547597285 1  
0.3904273016829315 26.801233557041257 0  
0.04998793504209462 35.322635835420336 1  
