0.39845429193839266 39.799348455951716 0  
0.0013735127099212376 24.596693791179803 1  
0.39845429193839266 39.799348455951716 0  
0.39862211676617093 23.67938391102663 0  
0.39992729498246277 39.95506609620869 1  
0.170335404281914 39.195090024451524 1  
0.14193983249238631 39.31789634727082 1  
0.20691388697019286 35.7983839716975 1  
0.05455098838465667 38.05813960553123 1  
0.32905294618480296 38.85470109312203 1  
0.12818364245605374 39.170403552139376 1  
0.23225510922539624 39.65657517332746 1  
0.04224527972498683 37.480083735932126 1  
0.13563702032711417 34.2145596699614 1  
0.0886035873413337 38.30035162194218 1  
0.26340764939240513 39.47261444420778 1  
0.23444811387716938 33.91681107153309 1  
0.3977749796241807 26.602813955437234 0  
0.06098386027228517 39.85583864032983 1  
0.3584512476279274 38.311854749974444 1  
0.31362855020536884 39.30408200283055 1  
0.2896736269386936 38.310780268502775 1  
0.3991568256075367 25.590717378737967 0  
0.10548655418194844 39.68306178429353 1  
0.2630538638050134 37.71768668532208 1  
0.3956809287183188 34.350715427734855 0  
0.38859038668744583 31.23026074344113 0  
0.3902696717719033 27.9995679708469 0  
0.09994409997830489 39.12688215344309 1  
0.396195529311183 24.095012801563854 0  
0.22294133990228363 39.721333603737484 1  
0.06937988291788467 39.76575039755344 1  
0.0016889719111109897 38.85340332836972 1  
0.3891321972524861 36.28251903763369 1  
0.39992729498246277 29.07626004269883 1  
0.024146070163200545 37.62825178620168 1  
0.08213396156451439 38.02847455336499 1  
0.39992729498246277 29.82045692854843 0  
0.3995792081576153 38.39965920470248 0  
0.029532263317770452 39.96669693626588 1  
0.21251614000300495 39.32111123277494 1  
0.22459680099085794 37.71692589188841 1  
0.022006522649716913 24.856637285473607 1  
0.38504530125720754 39.423351505356095 1  
0.07664196368725915 38.592321454425324 1  
0.05277147898553 26.180395505415095 1  
0.3581710128204792 31.27725599335543 1  
0.26397996125827505 38.015050619811745 1  
0.38894555261573344 37.912244040532194 1  
0.3997007900628375 24.783990477400707 0  
