0.3985884003493685 39.574223619711105 0  
0.0020779467460767835 20.294408441110683 1  
0.0020779467460767835 20.294408441110683 1  
0.3955837918180624 39.95535566040714 0  
0.39744586655657893 23.525010173131648 0  
0.39217296230917154 39.80988777432467 1  
0.024648659959343983 33.91609209963925 1  
0.3993092858704536 30.313046573005696 0  
0.12403162513815855 39.434338500068414 1  
0.3957631623134962 25.49284528129768 0  
0.15535230195383565 36.8903176063004 1  
0.09788844791513182 37.22244940107426 1  
0.0760802682194962 36.819626056086044 1  
0.3957631623134962 27.912643338268257 0  
0.04417772327905292 39.606422719273525 1  
0.3993106111308679 26.810564947495553 0  
0.3971801818157645 33.993718992073234 0  
0.11859052416497631 36.17786332360931 1  
0.10680907212357249 39.434338500068414 1  
0.18721873509648984 39.49223232620558 1  
0.23074500654266422 39.81034615280488 1  
0.05972851911256463 37.19326506171375 1  
0.31685000942804065 39.04327687135192 1  
0.385619672912897 24.198823295270266 0  
0.17483662231816127 39.27612854315517 1  
0.2783272672681418 39.463618209211056 1  
0.3957631623134962 24.554825267817794 0  
0.19692442376680333 38.68981436168307 1  
0.03956331836982857 38.50123726782265 1  
0.3777155096119296 37.44455009394045 1  
0.26028257271970234 36.260534329799654 1  
0.008929031997230257 39.61021830560612 1  
0.30667383523627434 37.91684301406936 1  
0.05603773999475989 39.39959563778627 1  
0.3957631623134962 38.59367387601536 1  
0.15910158120207954 39.97536323843221 1  
0.205025710727809 39.55708704632969 1  
0.0856930524060651 37.18636573093002 1  
0.014807970870568031 20.294408441110683 1  
0.03144402514860434 39.34191958208169 1  
0.09219127263481088 37.23367370269625 1  
0.38100215969670287 33.75734968501701 1  
0.22043775955494252 38.87109723665686 1  
0.3749083942408944 37.474542802458586 1  
0.3411575447837687 39.7994854983133 1  
0.2591119737398171 39.874960736675575 1  
0.1437134193814358 37.548079993508416 1  
0.08155753135385257 36.17613476951634 1  
0.2526895958337693 38.88840924121729 1  
0.005979734860689867 35.7934332828931 1  
