0.39986726897624386 39.97634402025504 0  
4.418798458553022E-4 20.32808093896476 1  
4.418798458553022E-4 20.32808093896476 1  
0.39999782816440765 39.99785122786809 0  
0.39887644115619725 23.623569754824217 0  
0.39986726897624386 39.99017684893117 1  
0.09244333903104042 39.160335333925 1  
0.38262311287716766 29.44207982145274 1  
0.07596439953990407 39.24401516712402 1  
0.11532990954623235 38.40975230805915 1  
0.02349716694237844 37.099356957433116 1  
0.10260010960768645 38.84198830195142 1  
0.39994533595554016 29.472011170023094 0  
0.32691674474879456 37.940106918788906 1  
0.26420754566910104 38.104143952664785 1  
0.15715950293638997 39.21026629695294 1  
0.06060291384271676 32.6112784447399 1  
0.2611475147989655 36.86333543908428 1  
0.1320037828200013 37.91776171926097 1  
0.3378834754221108 39.067360834424846 1  
0.2950136651440398 36.06367775263597 1  
0.21053056470710385 36.81024495362843 1  
0.39091146954162015 38.86385562518846 1  
0.013232125724821946 39.398434127643476 1  
0.3977631301798652 27.415522973007594 0  
0.04393957808602328 39.92080346904673 1  
0.18689378791693145 35.13886571668576 1  
0.3604197979248291 37.83540946976401 1  
0.03144746363706427 39.77334516506375 1  
0.18552616703573366 39.974118239969485 1  
0.067652112228039 39.154752710228415 1  
0.23239378090563595 39.25622073525466 1  
0.2950136651440398 37.13546544213972 1  
0.2214918514788168 36.86333543908428 1  
0.04681663981611039 30.259337598137325 1  
0.39728570889158565 34.726971976341275 0  
0.39721814459482985 26.713138670107405 0  
0.15151761984513182 37.91776171926097 1  
0.34043546940673675 36.86333543908428 1  
0.06296952896838429 38.56029960034365 1  
0.39994533595554016 31.574076990551834 0  
0.3990336807782 24.58321815114416 0  
0.3680654713540984 39.606516602588144 1  
0.3999970296266459 25.63723563275696 0  
0.39721814459482985 25.391447404685795 0  
0.019263252075753252 22.887276157930707 1  
0.3623243790511901 39.160335333925 1  
0.22689042588410663 39.25622073525466 1  
0.18704822258828396 37.72767926934502 1  
0.17764174539560856 38.70660618523779 1  
