0.3995706565987353 39.899694848249986 0  
6.07987446175462E-4 27.805705328436776 1  
0.398628891030332 39.899694848249986 0  
0.3983621719979971 23.570937283841516 0  
0.3994500124339684 39.901659445064475 1  
0.39981291716616946 26.76516975829586 0  
0.1753804010631229 39.74797908706637 1  
0.19955156153768372 39.659211661470486 1  
0.3983621719979971 24.92649919569341 0  
0.1488161822756989 38.69464121076356 1  
0.04903264433308685 39.99100775879083 1  
0.09046338256642106 35.833228427352104 1  
0.23336567073308345 39.902802787632794 1  
0.02523712293041998 37.21670468570349 1  
0.26601893274032423 32.215609145054536 1  
0.14648112201537875 35.81471162847868 1  
0.008659830366565483 39.92223306309884 1  
0.3132815577548044 39.9990617981139 1  
0.15495354977407863 39.758367124589874 1  
0.1644431373356062 39.9976699860605 1  
0.3986491040088852 29.32567726877394 0  
0.036779375390999826 37.17250418590825 1  
0.04251537135891251 35.90620801378774 1  
0.3983701861655176 24.33786688738718 0  
0.1277562118924142 35.86836825805943 1  
0.13315630616251434 37.04743115743342 1  
0.35651850381694716 36.109691585965734 1  
0.11292860004201573 35.79327862697539 1  
0.39942632426941616 33.271469995583 1  
0.05899066923510012 38.510581021834255 1  
0.20966275751940747 39.65795192668765 1  
0.29968349893869206 37.04743115743342 1  
0.2969513199320867 39.921569067285155 1  
0.29968349893869206 35.47932597816004 1  
0.06459289138400912 38.72476206380318 1  
0.10805371186351612 39.51369987828795 1  
0.2607973627738154 37.35214558510568 1  
0.2750897960138593 37.36047629274536 1  
0.3784338604055222 38.15079674545051 1  
0.0694340386467797 39.91797891520116 1  
0.0989134516125703 37.04743115743342 1  
0.39707876704120093 34.61831645695833 1  
0.3982735274066907 29.797041967758183 0  
0.39981291716616946 23.669771805537643 0  
0.29968349893869206 38.198778729479415 1  
0.09392873419139773 38.01465328194247 1  
0.39173123459077863 39.567802358046784 1  
0.028335527215387527 24.753897512287082 1  
0.03376699843667133 23.16559129672357 1  
0.25756525068205244 37.4319233785736 1  
