1.0142999999999995
0.21579999999999977
0.0121
0.06619999999999937
0.011700000000000044
0.6000999999999994
0.5150999999999994
0.14109999999999978
0.4897
0.5025999999999993
0.5941999999999998
0.6082999999999998
0.9512999999999998
0.9361999999999995
0.012500000000000067
0.008900000000000019
1.0142999999999995
0.21579999999999977
0.0121
0.06619999999999937
0.011700000000000044
0.6000999999999994
0.5150999999999994
0.14109999999999978
0.4897
0.5025999999999993
0.5941999999999998
0.6082999999999998
0.9512999999999998
0.9361999999999995
