0.31189737626345065
0.32514148463616255
0.3195990602230737
0.32535221091226996
0.3207278507757061
0.3111691874384904
0.3041273074784445
0.30673752205754673
0.3197535941617155
0.3144208471367329
0.3198064928572397
0.324929929938958
0.32121003861978903
0.3052368706446512
0.3077733624269478
0.31971166536490986
0.31189737626345065
0.32514148463616255
0.3195990602230737
0.32535221091226996
0.3207278507757061
0.3111691874384904
0.3041273074784445
0.30673752205754673
0.3197535941617155
0.3144208471367329
0.3198064928572397
0.324929929938958
0.32121003861978903
0.3052368706446512
