0.003472729206093091
0.0035540607488644253
0.0033377595535387986
0.004224966097997748
0.0034336821548643344
0.002951676883718228
0.0030231832830350273
0.0032678786147798183
0.003708647705490505
0.003475107807161911
0.0035912859856043933
0.0041624479793999905
0.004107155277459279
0.003751165160608999
0.0030719004984969033
0.003102881904599174
0.003472729206093091
0.0035540607488644253
0.0033377595535387986
0.004224966097997748
0.0034336821548643344
0.002951676883718228
0.0030231832830350273
0.0032678786147798183
0.003708647705490505
0.003475107807161911
0.0035912859856043933
0.0041624479793999905
0.004107155277459279
0.003751165160608999
