-382.9565 68.93504999999999 
-201.17745 0.0078 
-382.9565 68.93504999999999 
-382.9038 67.53285 
-382.9068 57.282349999999994 
-237.8314 0.2228 
-382.59725000000003 49.8718 
-258.9625 0.5693 
-317.52485 3.5549999999999997 
-380.3843 32.941 
-301.4382 2.27185 
-372.1794 19.09795 
-358.9806 11.6497 
-242.81905 0.28405 
-348.94140000000004 8.3367 
-375.6625 23.469749999999998 
-310.27895 2.8457 
-250.5968 0.40445 
-325.66245 4.47335 
-381.60035000000005 38.924350000000004 
-368.80535 16.9376 
-379.2812 29.658700000000003 
-377.0935 25.83925 
-382.695 53.678 
-222.7181 0.08135 
-280.04605 1.242 
-336.1888 5.9553 
-226.7481 0.11345 
-268.65965 0.88035 
-295.08635000000004 1.8582 
-361.80335 13.4332 
-215.60735 0.04435 
-322.27755 3.94615 
-206.10160000000002 0.01385 
-355.42909999999995 10.6508 
-307.08545 2.7509 
-381.72675000000004 40.8793 
-367.6316 16.2611 
-374.22655 22.03 
-381.15639999999996 36.2988 
-331.2276 5.1953499999999995 
-364.14099999999996 14.794350000000001 
-347.8624 8.13035 
-379.8342 31.263199999999998 
-382.46285 47.5939 
-342.5292 7.05525 
-355.5426 10.222349999999999 
-212.05755 0.0296 
-341.62559999999996 6.82465 
-382.1376 43.92725 
