-382.93735000000004 68.87559999999999 
-203.87900000000002 0.04245 
-203.87900000000002 0.04245 
-382.93735000000004 68.87559999999999 
-382.8703 67.15425 
-382.879 56.7255 
-347.38485000000003 8.2974 
-229.65455 0.1923 
-301.58320000000003 2.4456499999999997 
-313.79875000000004 3.3858999999999995 
-365.44550000000004 15.2381 
-356.2615 11.43405 
-370.86654999999996 18.51035 
-382.54615 49.256699999999995 
-377.86405 27.0472 
-351.4008 10.14605 
-382.7624 53.646249999999995 
-240.90535 0.31894999999999996 
-217.0174 0.11560000000000001 
-324.2163 4.3699 
-382.34945 47.040099999999995 
-336.4461 6.11535 
-362.25620000000004 13.2667 
-382.135 43.77525 
-275.09845 1.16505 
-319.58795 3.9081 
-331.31404999999995 5.40545 
-268.01045 0.9517500000000001 
-379.26255000000003 30.016800000000003 
-374.5335 22.1643 
-254.16089999999997 0.55765 
-379.94005 32.2395 
-263.2994 0.78775 
-381.7285 40.23435 
-381.94214999999997 41.93925 
-380.544 35.3745 
-333.48965 6.22015 
-376.3703 24.4608 
-363.39435000000003 14.0012 
-294.813 2.0126 
-382.84175 55.676550000000006 
-210.6494 0.07465 
-380.3218 34.518299999999996 
-252.8628 0.56215 
-381.4382 38.3091 
-280.16904999999997 1.28535 
-289.807 1.7767 
-376.3703 24.4608 
-373.52175 21.3583 
-246.69565 0.43115000000000003 
