-382.9625 68.95845 
-198.2624 0.00185 
-382.9625 68.95845 
-382.9144 67.6647 
-382.9153 57.46235 
-381.92935 41.578649999999996 
-382.3481 45.868750000000006 
-260.9058 0.6127 
-377.89745 26.3692 
-301.69595000000004 2.30825 
-382.59295 49.7155 
-289.37795 1.55465 
-345.03645 7.5515 
-381.34590000000003 37.293 
-278.76869999999997 1.16295 
-382.6986 51.834450000000004 
-376.4083 23.97835 
-370.50065 17.595100000000002 
-374.19845 22.66715 
-318.44085 3.7413999999999996 
-350.99154999999996 8.8097 
-270.5833 0.8846 
-356.37980000000005 10.61625 
-241.08905 0.26084999999999997 
-341.7263 6.73245 
-382.7925 54.75925 
-329.32055 4.7433499999999995 
-368.0536 15.9616 
-206.33765 0.00875 
-379.1568 29.6278 
-335.13464999999997 5.6647 
-214.00135 0.0314 
-379.83050000000003 31.33685 
-373.19275 20.3402 
-363.50464999999997 13.7371 
-311.19045 2.98625 
-365.13845000000003 15.15595 
-359.49890000000005 11.56915 
-352.20885 9.6247 
-326.58759999999995 4.40165 
-372.4993 19.29925 
-321.66925 3.84945 
-361.398 12.594 
-251.34165000000002 0.4074 
-217.3058 0.05185000000000001 
-337.16134999999997 5.97635 
-272.5917 0.9325 
-381.2036 36.467 
-380.58375 33.68315 
-223.59730000000002 0.0814 
