-382.93735000000004 68.87559999999999 
-203.87900000000002 0.04245 
-203.87900000000002 0.04245 
-382.93735000000004 68.87559999999999 
-382.8704 67.15535 
-382.879 56.7255 
-322.62575000000004 4.1876 
-359.1166 11.94665 
-379.2331 30.1111 
-346.93944999999997 8.1902 
-303.1807 2.5313 
-211.12475 0.0836 
-381.68375000000003 39.9118 
-268.6432 0.90035 
-331.5738 5.3841 
-294.37109999999996 1.9437 
-313.27205 3.3564 
-276.1399 1.168 
-380.0525 33.03895 
-260.37935 0.69235 
-382.1949 44.4196 
-377.41895 26.5437 
-380.89375 35.4864 
-376.0702 24.02745 
-249.8963 0.4567 
-374.2974 21.789749999999998 
-335.1548 5.87575 
-309.1329 2.97505 
-364.4323 14.336500000000001 
-352.8637 9.8855 
-231.09235 0.2067 
-353.7893 10.057549999999999 
-382.35519999999997 46.3892 
-254.35354999999998 0.5809 
-382.74760000000003 53.455650000000006 
-372.59479999999996 20.5627 
-382.47445 49.89835 
-220.9925 0.11705 
-340.2006 6.82615 
-288.6941 1.65335 
-342.25985000000003 7.183999999999999 
-371.16515000000004 18.7563 
-283.25275 1.40985 
-382.4384 49.36935 
-222.5747 0.1281 
-364.50755000000004 14.40155 
-242.38765 0.33530000000000004 
-377.15505 25.690649999999998 
-236.28075 0.25515 
-381.3177 37.609849999999994 
