-382.9625 68.95845 
-199.6638 0.00205 
-199.6638 0.00205 
-382.9625 68.95845 
-382.9153 57.46235 
-382.9149 67.67875000000001 
-293.5346 1.7648000000000001 
-378.20034999999996 27.3345 
-382.1993 44.074 
-303.14565 2.4086 
-284.18785 1.3329499999999999 
-369.27565000000004 16.75005 
-380.3806 32.83455 
-231.35014999999999 0.1472 
-375.9607 23.35135 
-381.17735 36.55585 
-348.8353 8.253449999999999 
-382.4882 48.7301 
-326.6677 4.4238 
-268.7888 0.8256 
-316.84535000000005 3.3754999999999997 
-308.8037 2.70755 
-358.19235 11.20775 
-372.82529999999997 19.6084 
-214.96445 0.0349 
-335.15790000000004 5.75295 
-256.57065 0.51525 
-341.8614 6.731 
-202.69639999999998 0.00365 
-222.07125000000002 0.07064999999999999 
-362.14625 13.0653 
-343.93835 7.14565 
-374.9688 22.4564 
-382.7637 53.7325 
-381.8867 41.427 
-382.70939999999996 52.06985 
-382.86744999999996 56.04345 
-247.81504999999999 0.34785 
-314.83015 3.2043 
-373.3669 20.26015 
-274.96665 1.0328 
-353.88374999999996 9.7452 
-382.5828 49.899150000000006 
-353.51345000000003 9.5241 
-381.4812 38.505250000000004 
-360.39975 12.4665 
-260.87185 0.61405 
-365.8946 14.55855 
-379.69124999999997 30.982149999999997 
-367.29625 15.38015 
