-382.9565 68.93504999999999 
-197.21855 0.00625 
-197.21855 0.00625 
-382.9565 68.93504999999999 
-382.90685 57.282650000000004 
-382.90520000000004 67.5701 
-380.59235 33.73835 
-381.43174999999997 37.8433 
-330.2858 5.11815 
-382.52414999999996 48.5796 
-338.2039 6.48555 
-232.94310000000002 0.1649 
-267.86334999999997 0.78905 
-372.4877 19.9685 
-306.08405000000005 2.54415 
-324.83555 4.549200000000001 
-361.89970000000005 12.779 
-206.39285 0.01445 
-377.9374 26.58635 
-292.54685 1.7599 
-245.76999999999998 0.3262 
-278.38649999999996 1.1214 
-376.25495 23.7773 
-341.71575 7.26115 
-229.0917 0.13205 
-382.27555 45.018 
-283.33995000000004 1.3714499999999998 
-348.37455 8.1967 
-351.51234999999997 9.358699999999999 
-378.6486 28.8641 
-318.4808 3.5594 
-247.67275 0.3637 
-313.47925 3.1062000000000003 
-357.1169 10.755849999999999 
-368.30895 16.35575 
-371.4383 19.3418 
-262.5801 0.71085 
-256.5301 0.52595 
-381.99165000000005 43.9553 
-365.48435 14.5019 
-220.07729999999998 0.0653 
-382.72655 54.69095 
-379.30595 30.4347 
-299.88419999999996 2.16195 
-356.69325000000003 10.6176 
-376.4367 24.0057 
-382.6726 51.3564 
-364.27675 14.032599999999999 
-381.9057 41.263099999999994 
-381.81255 40.4774 
