-382.93730000000005 68.87365 
-203.87900000000002 0.04245 
-203.87900000000002 0.04245 
-382.93730000000005 68.87365 
-382.879 56.7255 
-382.8699 67.1434 
-381.97555 42.23395 
-381.5077 38.7365 
-382.3774 46.669399999999996 
-376.82295 25.56745 
-303.43835 2.49865 
-293.43215 1.903 
-378.50755000000004 29.1042 
-365.1748 14.74185 
-335.808 5.982150000000001 
-217.6088 0.0961 
-239.8254 0.3005 
-374.70214999999996 22.65235 
-322.14104999999995 4.1927 
-355.2324 10.52085 
-380.72485 34.75505 
-226.6454 0.20835 
-311.6399 3.12005 
-210.38475 0.065 
-358.5025 11.9728 
-287.27864999999997 1.6254000000000002 
-368.7656 17.40165 
-382.7291 54.9738 
-268.79805 0.8987499999999999 
-248.99169999999998 0.44065 
-350.81034999999997 9.24565 
-340.5761 6.82895 
-382.66665 51.73715 
-309.6743 3.1735999999999995 
-382.4986 49.95475 
-257.3285 0.6333 
-379.5943 31.372 
-275.5001 1.1136 
-323.5946 4.2977 
-225.91345 0.15375 
-329.347 5.01685 
-329.347 5.01685 
-361.90070000000003 13.23 
-261.3951 0.7128 
-246.02865 0.39294999999999997 
-380.32295 33.65835 
-362.5577 13.41555 
-373.3673 20.95115 
-281.49795 1.3526 
-371.9439 19.4284 
