-382.9565 68.93504999999999 
-197.13455 0.00625 
-197.13455 0.00625 
-382.9565 68.93504999999999 
-382.90605 67.5933 
-242.17095 0.27685 
-382.9068 57.281850000000006 
-224.27805 0.09290000000000001 
-253.2496 0.4609 
-277.8672 1.10295 
-333.3317 5.38755 
-319.19835 3.62955 
-327.91380000000004 4.6232500000000005 
-213.966 0.03625 
-206.39375 0.01445 
-313.18935 3.0816999999999997 
-382.5545 49.538250000000005 
-295.37725 1.87385 
-382.773 54.0878 
-351.60855000000004 9.1055 
-344.9107 7.40235 
-342.4584 6.8965499999999995 
-266.70395 0.7674000000000001 
-365.6046 15.353100000000001 
-286.0501 1.4341 
-263.8858 0.69495 
-381.77525 40.1863 
-359.95405000000005 11.8766 
-382.4945 48.092150000000004 
-304.6796 2.4564500000000002 
-369.62295 17.0225 
-382.25775 45.13290000000001 
-376.4121 25.32645 
-372.47415 19.41495 
-378.4068 27.4913 
-305.68115 2.50665 
-363.44939999999997 13.46135 
-379.0078 30.23035 
-368.75775 16.4356 
-380.9308 35.4414 
-382.12785 43.8899 
-362.4474 13.02695 
-373.9909 21.967599999999997 
-373.1885 20.09055 
-381.3884 37.6486 
-356.339 10.7225 
-375.37875 23.36215 
-381.3884 37.6486 
-376.38865 24.1402 
-381.95399999999995 42.04975 
