-382.9625 68.95845 
-201.27775 0.0026 
-201.27775 0.0026 
-382.9625 68.95845 
-382.9153 57.46235 
-382.914 67.65485 
-376.02365 24.768050000000002 
-380.58619999999996 34.302499999999995 
-374.29935 21.21265 
-379.04955 30.104950000000002 
-356.2818 10.696100000000001 
-378.37154999999996 28.43535 
-208.85829999999999 0.014 
-304.49825 2.6037 
-320.95795 3.77895 
-310.92920000000004 3.1027 
-228.26614999999998 0.1255 
-381.4392 39.26925 
-381.20910000000003 36.48805 
-382.16864999999996 45.6563 
-330.16265 4.8584499999999995 
-231.83620000000002 0.1465 
-382.81115 54.51005 
-345.081 7.7711500000000004 
-382.62175 50.259600000000006 
-382.3175 47.08245 
-367.5037 15.5084 
-363.85884999999996 13.551400000000001 
-317.4068 3.5195499999999997 
-368.76965 16.44185 
-382.6935 51.72365 
-343.20205 7.1106 
-381.98285 41.92375 
-371.471 18.45295 
-218.11665 0.056350000000000004 
-331.2845 5.100899999999999 
-351.12559999999996 8.917950000000001 
-241.46725 0.2552 
-267.9687 0.7944500000000001 
-372.23295 19.27055 
-360.0971 12.1019 
-337.94725 6.038349999999999 
-217.5597 0.05450000000000001 
-283.15880000000004 1.28965 
-248.59675 0.36055 
-297.27205000000004 2.1010999999999997 
-258.4413 0.5892 
-274.2753 0.9859 
-290.61125000000004 1.64295 
-289.78715 1.5737 
