0.9928291893780515 39.99896113013709 0  
0.007522693554886717 20.020116736757313 1  
0.006306989006716682 20.14926097685635 1  
0.9823263443820046 39.93020287596942 0  
0.9837579267403245 37.54605473840888 0  
0.9911647004182071 39.913946097619146 1  
0.2777144180591776 39.529147900548544 1  
0.048742185840251695 34.25784198969958 1  
0.17192919639332943 37.53723321810896 1  
0.19729084927328278 37.8833194823779 1  
0.370957723349459 37.64136708043431 1  
0.34167353967252256 35.90139964488355 1  
0.38864035937717145 39.93024670476707 1  
0.7781245804601002 39.54114165687095 1  
0.473440091567628 39.17139002088945 1  
0.3384758055960083 34.1296656456214 1  
0.8830679525071519 39.93473272563287 1  
0.060945733759794674 37.97497003102647 1  
0.04819541623849383 22.480476280980568 1  
0.2131813248923824 39.73768016135482 1  
0.7499723629784438 38.16570158526933 1  
0.24685964824988954 39.17257294360152 1  
0.33639706014265147 39.95445435466942 1  
0.6765293714692882 39.64521193515437 1  
0.12574302396642523 35.74179848880064 1  
0.2067632664113997 38.64328723936388 1  
0.2402245519919176 38.00485922359107 1  
0.11726033366608235 34.25784198969958 1  
0.5004195670995825 39.94808640576427 1  
0.42686359876716284 39.09188477275067 1  
0.08491487923698027 36.74484026894756 1  
0.5329943243667596 38.645734713248075 1  
0.10328281054425925 35.861437576055835 1  
0.6229171698284234 39.71100233529993 1  
0.6477711744298733 39.930227637928795 1  
0.596716586807313 36.24658415037057 1  
0.28160682007703886 33.32089067996507 1  
0.4451558500009458 39.936507331254944 1  
0.35205943694860165 38.406408799453615 1  
0.1559482506658331 37.97497003102647 1  
0.9416167456867529 39.85491454516677 1  
0.03800327386982488 21.21579135792586 1  
0.5862548727200435 36.24658415037057 1  
0.091361917881361 33.32905655872463 1  
0.596716586807313 39.96099251070385 1  
0.12259701764741954 39.664526479931396 1  
0.15040432092041395 36.873278981890614 1  
0.4451558500009458 39.93024670476707 1  
0.4299224111755148 37.8833194823779 1  
0.07791980000233178 34.20143269643249 1  
