0.9999122560744946 39.86394725401631 0  
0.0018116851408062629 23.436165958490022 1  
0.999955133710987 39.89380974789227 0  
0.994379747497014 38.18042941834124 0  
0.9982583308290404 39.79907904406594 1  
0.054930871409805376 38.519198579306284 1  
0.7874012401437666 39.88824365390851 1  
0.08552214193467315 39.74986743464052 1  
0.20302092953960676 38.275349896004656 1  
0.5285183369891707 39.98598695430535 1  
0.1662314063609369 38.5807060593161 1  
0.39263592835671435 39.89661091117611 1  
0.32747159665188946 38.49827011363788 1  
0.061101537777935644 39.40365567515507 1  
0.2789677352251822 39.99987687031395 1  
0.45112763298588227 37.861201171628004 1  
0.1792454003885764 39.99747415307056 1  
0.07239067680221865 39.73696854512464 1  
0.22599719146878122 37.73749386187992 1  
0.6011598390022767 39.844391713339704 1  
0.3900204489619269 37.590697222903955 1  
0.4970030526925141 39.453260149264686 1  
0.48042594639211034 37.25423998005248 1  
0.9138481460177645 37.10328152887029 1  
0.031663485091285914 39.844391713339704 1  
0.13022244099129154 36.995003501186964 1  
0.25352493026368794 37.869955621766586 1  
0.03921445276489248 37.897498072687036 1  
0.11414930820989477 35.40716763154145 1  
0.14857816509932154 39.830681006183724 1  
0.37020083233707535 35.51795594271468 1  
0.02359395320832669 37.288552451007114 1  
0.2059690492451174 39.99960137893629 1  
0.004778570360280676 37.975579470542286 1  
0.32747159665188946 36.804889630959806 1  
0.1876180720361071 36.66789615261584 1  
0.6541799085337681 37.575010229612346 1  
0.38724275357011945 37.1094686359259 1  
0.4483499375940748 36.69174106981363 1  
0.5675657425574129 39.99810349973731 1  
0.2398393475628774 37.8568510220195 1  
0.39240306667058256 34.71685070737087 1  
0.2789677352251822 39.308136904271 1  
0.5149830688512891 39.33708555835623 1  
0.7404799939701904 39.90918943252568 1  
0.26838355018204735 38.42860994683286 1  
0.3025091261426979 39.99810349973731 1  
0.017860214208096997 38.5807060593161 1  
0.2622514453675161 38.90911770088239 1  
0.6861621342248336 38.85377056945291 1  
