0.9952140550993795 39.886302124194835 0  
7.032241540571721E-4 20.092407362286494 1  
3.0887166047280715E-4 20.007508104994372 1  
0.9952140550993795 39.886302124194835 0  
0.9972753692797656 38.247661596155936 0  
0.060734971649598714 39.02158550068688 1  
0.9899731941977562 39.88736310096656 1  
0.03451444671391203 39.03389085198523 1  
0.07863510969056464 38.68608573898786 1  
0.11701993966560917 39.98444681595432 1  
0.23701464473327039 39.191442714346785 1  
0.1988646293221934 39.89298207109781 1  
0.22134606828651077 39.477994409960786 1  
0.01979574187838279 39.8070285239056 1  
0.004097533764369415 39.26766371176096 1  
0.18549857678827578 39.9585080719679 1  
0.7890425709710397 39.06502388180774 1  
0.14913931553507198 39.96927666662815 1  
0.8996553846896926 39.112524501279914 1  
0.2919976877796988 39.27815448766657 1  
0.26608897518148544 39.974207939964515 1  
0.25867695224354376 39.89898480444124 1  
0.10000934635312622 39.02158550068688 1  
0.3894827160650063 35.739150961480505 1  
0.13326392785899083 39.3277979969665 1  
0.09560044225510306 38.892321034621645 1  
0.618464410101691 39.954848643207846 1  
0.32347939620107174 39.460497311629354 1  
0.7502775796686411 39.9635185268011 1  
0.1696393600994156 39.32781495627842 1  
0.3730862599187944 39.967488982918155 1  
0.7027968235415982 39.16803734400755 1  
0.49280746597762715 35.58323590270237 1  
0.3971761551331227 39.606220090686726 1  
0.4718602682317269 39.91629497195487 1  
0.1696393600994156 39.90067331490489 1  
0.34177292994676883 39.26282258577017 1  
0.5391114892971567 36.0604008429158 1  
0.36832692652600574 39.687365637387664 1  
0.56386299577758 39.17548603251103 1  
0.6870737288918134 38.72553877558791 1  
0.33883243675953506 39.0331574684488 1  
0.45421893110444944 36.035562145874046 1  
0.4029561771752058 39.670319914068415 1  
0.5861417837252854 39.644545017056814 1  
0.318412491321958 38.247661596155936 1  
0.4585676526776624 36.98629757398529 1  
0.5861417837252854 39.644545017056814 1  
0.44616764244125706 39.08021574078654 1  
0.6547686882852836 38.99836601993772 1  
