0.9970115870990413 39.93696169775554 0  
0.00192285138276993 20.240989652494967 1  
0.00192285138276993 20.240989652494967 1  
0.9980787812772479 39.93696169775554 0  
0.9935435021755625 39.890337279199564 1  
0.9987815144451522 38.22186129773081 0  
0.5374455316339095 39.890337279199564 1  
0.5869615974790408 39.890337279199564 1  
0.24145412530653942 37.224705901035286 1  
0.7601111031874891 39.99775489005623 1  
0.2718931770588534 36.17172644001323 1  
0.046029104792625196 39.95041167198721 1  
0.09993996490601775 39.84955777070826 1  
0.42061880257567524 37.497311050144155 1  
0.1714791833948036 39.57018493901814 1  
0.2378607127181167 35.57754249642466 1  
0.3362528582748379 39.024058893006085 1  
0.006142577423069326 39.26365415201182 1  
0.46433427999837046 39.65950527991415 1  
0.14813898270658354 38.638878732107344 1  
0.06523079735787607 39.60713735000009 1  
0.11793351241806127 39.846570973085896 1  
0.4374906061139854 39.65950527991415 1  
0.28947380103161624 35.38507138283115 1  
0.04205330269766033 38.43351204945811 1  
0.693418967688258 39.999973590299234 1  
0.1358711914405942 37.176890555165265 1  
0.2770989340419644 39.97298126970856 1  
0.3077628377439406 37.282323603833355 1  
0.5104219845245647 37.33886396488037 1  
0.19722836980271696 39.97243849262938 1  
0.07039011044175347 38.36801164751883 1  
0.1861262434211008 39.953344362872166 1  
0.30871143850343363 39.909856423411235 1  
0.37565879533456387 38.64338534351616 1  
0.4254467539258141 36.30275257843223 1  
0.10343799366071355 35.21522364776138 1  
0.08373004821224372 38.782353204281684 1  
0.7205929601181287 36.13242050828067 1  
0.351925770741327 39.33318637589142 1  
0.028042956779428446 39.890337279199564 1  
0.9468898579163008 36.73910760853374 1  
0.5254187254318533 37.49133376317866 1  
0.1615704143888111 38.923824459609925 1  
0.30750821810185575 39.737807325259304 1  
0.4383859221047003 39.98020528828477 1  
0.8211773762595067 39.994904031615064 1  
0.35373982159132256 38.43763735991818 1  
0.6343627131093614 39.75859393503786 1  
0.6225729962268589 39.85051666908461 1  
