0.9957983385370921 39.497690573689 0  
0.003120890121499964 20.47067378241807 1  
0.008845577883817096 20.38657219008346 1  
0.9957830278328564 39.497690573689 0  
0.978155426686377 39.51214981348732 1  
0.995240022060965 37.534337234569875 0  
0.6522392556052611 39.99512545766363 1  
0.6023849968596625 39.984974133344124 1  
0.7268521014391075 39.97301612579499 1  
0.4692041668839531 38.08907954383934 1  
0.16706873515604231 39.96017829283082 1  
0.14863206074425334 39.12272618949983 1  
0.5169805927297957 36.96434133972849 1  
0.35204277267127576 39.45025272705547 1  
0.24302093021801746 39.65527283244338 1  
0.026548988932635992 37.760000242043034 1  
0.057417187068532535 39.192756601234755 1  
0.4412667094802573 38.01868202628141 1  
0.2136472787883208 38.506994545214596 1  
0.3057910573737419 39.65527283244338 1  
0.5526462817689795 39.51214981348732 1  
0.0656779957708572 23.91059574288426 1  
0.18438471378541837 39.65527283244338 1  
0.031246743985388292 23.007881237712162 1  
0.33513794663450713 37.659315731726785 1  
0.14148091660515458 37.86283850794704 1  
0.39560115330350826 37.34450193962561 1  
0.9576501835831814 36.557098611871965 1  
0.10283784394083995 39.997430288213096 1  
0.07086283920611686 39.99467475679014 1  
0.2932376967804282 38.98831473638799 1  
0.2565683608181133 39.83791330432721 1  
0.8383764261472522 39.15790539376603 1  
0.2026421227521821 35.1745816314025 1  
0.8232372056927525 37.09798322646897 1  
0.09178931753095326 36.16873068611457 1  
0.5282755141918876 38.18826111028815 1  
0.11434827701414299 39.99628590391605 1  
0.21167725012604904 39.65527283244338 1  
0.03961105652639402 36.78924997927013 1  
0.22592251257812512 39.834199581780624 1  
0.22592251257812512 39.834199581780624 1  
0.3414233720593263 38.73510689481798 1  
0.09402162462881092 38.052705199311006 1  
0.06721740290125044 38.96921485486036 1  
0.5526462817689795 38.30618035732968 1  
0.3383164565507863 39.45025272705547 1  
0.4175321316414265 38.83382816221932 1  
0.12753326917557015 38.718312390386366 1  
0.3973923911178664 39.51214981348732 1  
