0.9805255084854654 39.90916466409277 0  
0.020020693190950595 20.190057088542318 1  
0.020020693190950595 20.078403613648888 1  
0.9866505154690757 39.559392044076596 0  
0.982408451292607 37.54724891479583 0  
0.999578347208541 39.891676599880945 1  
0.2093600206468547 39.9334821535538 1  
0.3230904880551139 39.353418023359346 1  
0.50646807938634 38.99202978579977 1  
0.27624571243856766 39.83467025971594 1  
0.17256614436824436 38.13555183688163 1  
0.04275760906055065 20.438696793256426 1  
0.6183973341596938 39.809797071585294 1  
0.10395903198273371 38.97877580054952 1  
0.23616716092079904 38.75793396487679 1  
0.14900712109546 39.98908424333375 1  
0.19789005903142348 37.541233039597834 1  
0.12145557629929776 37.56896445768066 1  
0.5542468540261398 37.51295033432154 1  
0.09348745979085858 37.574246509323004 1  
0.6871721310625651 39.83366118171225 1  
0.4781132061386524 38.17309116429184 1  
0.5613197183544041 39.97477709583953 1  
0.44100963312438024 39.81394324931064 1  
0.0722608659267254 39.798204569511284 1  
0.41974849506129197 39.99718264725469 1  
0.24122864894781232 39.956469256413236 1  
0.18544875420355997 38.13815671389239 1  
0.3475352710192865 39.973167699668664 1  
0.30351285926188043 38.6403152296141 1  
0.05064664602157762 34.56170906515081 1  
0.30023792483094025 39.987573490855496 1  
0.7221078560316875 39.463379745001575 1  
0.0904380267982938 34.66477521563918 1  
0.880865177339995 39.25909285519643 1  
0.4270118174213601 37.3492459485187 1  
0.8286966467737862 36.58868049443511 1  
0.03006484916170879 39.429205394277616 1  
0.2604399407886885 38.75793396487679 1  
0.1382025572809582 39.99685020512537 1  
0.2632299697019157 39.25644823360829 1  
0.3909937404482937 39.538243431856124 1  
0.12816295947233586 39.973314482922994 1  
0.8181590525023814 36.51795133868511 1  
0.03583574771017292 35.55040937612763 1  
0.34926752127164096 39.35318359523974 1  
0.060800098426395804 39.81394324931064 1  
0.45702691303707627 39.538243431856124 1  
0.0517356532844617 39.538243431856124 1  
0.58763710625315 39.97477709583953 1  
