0.9996884472457052 39.987441605331135 0  
1.6135368370416223E-4 22.647748650637787 1  
0.9998037979197346 39.997094081115826 0  
0.9998418452876753 38.39677991419833 0  
0.9956493633246206 39.9628034940978 1  
0.6424594943992531 39.4478672208173 1  
0.7071063297541553 39.91470689194985 1  
0.09069978207586454 38.83807312611531 1  
0.45999659413419797 39.99169703991028 1  
0.17086132219613173 37.654430474959725 1  
0.7827591015306777 39.99030785309467 1  
0.13734119693769792 39.980871199077896 1  
0.2765259742104236 38.361474834768394 1  
0.5799735660868836 39.79103058013136 1  
0.12498434419851365 37.785959294806645 1  
0.8314212946795861 39.99083848028302 1  
0.44081937854381426 39.50381578377153 1  
0.3778913591143968 39.98183290994635 1  
0.4773443866137395 34.50802438140401 1  
0.21555806518768833 36.45424937235228 1  
0.2849148416353355 39.995405558838755 1  
0.10976268060455768 37.90721862203598 1  
0.3145330657359715 38.687989043729786 1  
0.06124493268214984 37.654430474959725 1  
0.2574746480733301 39.626212416275784 1  
0.9220724132195539 38.83807312611531 1  
0.22229383717430362 39.99508309099292 1  
0.3661423242635289 39.39450806372412 1  
0.010005133280070577 38.766300270514186 1  
0.5068141286216921 38.44530817762384 1  
0.24418866592695626 38.800473952230234 1  
0.020926270053256507 37.785959294806645 1  
0.5197885051708098 38.94052500301439 1  
0.41587895359812477 38.44294797081301 1  
0.3566686160155321 37.66832317590965 1  
0.1899509185922626 37.98170940851574 1  
0.39197242815471384 35.237284155446346 1  
0.3174750320998897 39.99030785309467 1  
0.31623405763949475 36.58640724279187 1  
0.21555806518768833 39.995405558838755 1  
0.3938231403997978 39.989775579924164 1  
0.2038869756720751 39.995405558838755 1  
0.33823717185031915 38.49544091283961 1  
0.07316260814683614 39.976618911493 1  
0.029702685096178766 33.00110000660857 1  
0.24861961810743916 38.984092926191934 1  
0.11076807613795636 38.76572176911539 1  
0.5687280367037018 39.87939653403256 1  
0.537691528136727 39.71110134362732 1  
0.03341314971543441 39.1133219731853 1  
