0.9959183686592605 39.98044409813642 0  
4.859842603873038E-4 30.746784290695782 1  
2.812878856785356E-4 30.746784290695782 1  
0.9964516856552897 39.9908063081414 0  
0.9964516856552897 39.9908063081414 1  
0.9998498446992723 38.385726409141654 0  
0.48985655155780566 35.33385891242727 1  
0.5612459134958842 38.17235074950507 1  
0.41382432824523696 39.63153399517679 1  
0.5329814920313476 36.48046062553206 1  
0.32020952872751474 37.977459056188906 1  
0.513083313489942 36.674660759130276 1  
0.012945890318095565 39.98942442277679 1  
0.1879975633187 35.475462925969296 1  
0.2025416344683056 39.84323599275504 1  
0.2025416344683056 35.57051657098986 1  
0.044263344140209326 35.55792922208844 1  
0.6414695731538479 36.72974418629169 1  
0.5687738014524252 39.93079208850778 1  
0.7468662771500506 36.374166234694705 1  
0.22473293321626991 39.84323599275504 1  
0.044263344140209326 39.98626087964322 1  
0.9019915736898105 39.99545193593802 1  
0.28957545124668116 36.70183132650571 1  
0.7947227113231868 39.97193095673666 1  
0.7642370647496075 37.07111901927229 1  
0.35793529802299 39.94145399761278 1  
0.3409432985745606 39.5445840443129 1  
0.2025416344683056 38.29059941205123 1  
0.37088077038952694 39.38443427556329 1  
0.828731785449019 39.995242003823954 1  
0.2674725204149211 38.81701357657854 1  
0.6444050301279964 39.73127395858987 1  
0.3883103290007126 39.60260177858752 1  
0.03096029966128458 33.06059952219392 1  
0.23441492219504761 38.71041106640426 1  
0.28957545124668116 39.33701314346487 1  
0.0582374090381414 39.969945152059985 1  
0.10266296621221943 38.80544420131821 1  
0.4009450122167687 39.00112078312692 1  
0.33520546110902383 38.1577376618324 1  
0.24591283496919375 39.744373639677995 1  
0.03096029966128458 32.19569753913565 1  
0.12645045206680935 39.76011073564835 1  
0.06895040066600591 39.97193095673666 1  
0.16917051706957353 36.012012201547 1  
0.09380443266477456 35.95466726567731 1  
0.11360767947592972 38.80544420131821 1  
0.14365893972522129 38.80544420131821 1  
0.13810219971261067 39.984950483671504 1  
