0.9970579791577985 39.98507123831942 0  
3.1664490836949555E-4 25.00005670924248 1  
1.6089337234306833E-4 25.00005670924248 1  
0.9999793869056935 39.97418546773153 0  
0.9970579791577985 39.98507123831942 1  
0.9985056834687905 38.41250906185722 0  
0.14606902671219302 39.65194755370698 1  
0.48041794787436276 38.74828016042129 1  
0.6770727691768135 39.83514362590594 1  
0.17443335816180336 37.55261181496794 1  
0.12853746272727107 39.68959242860265 1  
0.372242817259574 39.592896680878894 1  
0.5262800862888888 39.99110219302715 1  
0.045899673317236156 37.95359455483107 1  
0.4355215211869785 39.43563487649687 1  
0.575790582792626 39.32321195979653 1  
0.2776457288730556 39.945812704530475 1  
0.7788139222803802 38.507965526713775 1  
0.21677225801185573 39.71747356040057 1  
0.1055416727859768 38.27581034822786 1  
0.19293021095640123 39.978969005958916 1  
0.1755695946285199 39.95715033275928 1  
0.3190886155832501 39.03748877366254 1  
0.39668500490918446 39.97020716726473 1  
0.021855171403686924 38.45993925233023 1  
0.25024888137321544 37.895224965084786 1  
0.08323272588949007 39.00640895108028 1  
0.2560484687249575 39.978969005958916 1  
2.647876250374548E-4 39.945812704530475 1  
0.03077407316475167 39.71428690943225 1  
0.34859742636030194 37.77779360218573 1  
0.26221992608356853 39.947260034534125 1  
0.4400630044817414 38.004782207256746 1  
0.8877659976279881 39.28220810042532 1  
0.6453898419691352 38.99577513347497 1  
0.837186756804932 39.98507123831942 1  
0.9480289875576302 39.98508342619817 1  
0.06775978630483331 39.99110219302715 1  
0.1893831812641602 39.71428690943225 1  
0.4065958681084033 39.43563487649687 1  
0.11883958303082826 37.52610662634259 1  
0.301362319666425 39.10821721175193 1  
0.794183008829549 39.28220810042532 1  
0.29384324414975377 39.945812704530475 1  
0.6056773398691385 38.882856736664124 1  
0.34859742636030194 36.891245060525854 1  
0.09109872186492524 38.648404605697124 1  
0.34859742636030194 39.95079775020472 1  
0.5178277515327188 38.76227754004702 1  
0.35668846445036223 39.978956818080164 1  
