0.2533565109858554
0.24420467111145958
0.24701066736658991
0.24494082481377863
0.27218802674867837
0.24558323616551966
0.23432035681083474
0.22292035741511312
0.2464620653721105
0.26222128813551376
0.26513994699210874
0.2381876049233294
0.2505189911317749
0.24433737480288464
0.23707716406856982
0.25557020470566233
0.2533565109858554
0.24420467111145958
0.24701066736658991
0.24494082481377863
0.27218802674867837
0.24558323616551966
0.23432035681083474
0.22292035741511312
0.2464620653721105
0.26222128813551376
0.26513994699210874
0.2381876049233294
0.2505189911317749
0.24433737480288464
