0.004163224808344893
0.003283785240161134
0.002829459807695703
0.003391875179869135
0.0033381814142167867
0.0028158866181516367
0.003182446017312347
0.003423743844505321
0.0039013483956679353
0.0038881864879422106
0.003067181543708523
0.003741806373543543
0.003355783143132368
0.0029273727260209397
0.004107223483363878
0.003413944940605071
0.004163224808344893
0.003283785240161134
0.002829459807695703
0.003391875179869135
0.0033381814142167867
0.0028158866181516367
0.003182446017312347
0.003423743844505321
0.0039013483956679353
0.0038881864879422106
0.003067181543708523
0.003741806373543543
0.003355783143132368
0.0029273727260209397
