3.902456649675666 0.500275755925106 5000  
3.902456649675666 0.5001267795803891 5000  
0.5005703046382806 1.3722227791901584 5000  
0.5684934215985317 0.5013754155004462 5000  
1.4844745662273078 0.5000123374429883 5000  
1.9375212381508689 0.5358124348417981 5000  
0.8946103381445765 0.7446031769824653 5000  
1.034017321515941 0.5491798478109065 5000  
2.4397194779074374 0.5665689379537345 5000  
0.5627977802017889 0.7771399695270239 5000  
1.1326792807648574 0.5491798478109065 5000  
0.680744775967737 0.5856870039354724 5000  
0.6408677536343572 0.5044561819831195 5000  
0.5005703046382806 1.1828856573664914 5000  
0.7431498868144435 0.5736813926940826 5000  
0.7777305868187847 0.6156956010633976 5000  
0.9589165293548167 0.5491798478109065 5000  
0.5302690533794768 0.7700008178389142 5000  
1.2898380489623564 0.500007639761382 5000  
1.2328006744933717 0.5491798478109065 5000  
