3.9823943898861156 0.5018876290413409 5000  
0.5020040466211302 1.2617217285012292 5000  
0.5001532069771617 1.2617217285012292 5000  
3.9823943898861156 0.5018876290413409 5000  
0.6805727903330185 0.5746547264676959 5000  
0.8711187338213109 0.5000812047950122 5000  
0.9756106485350313 0.5544432679811819 5000  
1.8655815040434245 0.5090748494070154 5000  
1.4459254480773525 0.5621366663346219 5000  
0.5842246103568592 0.7739460770451093 5000  
0.746250302047896 0.639408807664646 5000  
0.5687999242322435 0.5015951245517896 5000  
1.1257070595867846 0.5598579948332356 5000  
0.5841807858067424 1.257776088219805 5000  
0.5032457654533996 0.5000366216140639 5000  
1.3165594694670142 0.7854779587601977 5000  
0.746250302047896 0.5461935274384597 5000  
2.466560302859748 0.503597522066008 5000  
0.8235677401090994 0.5049516329425824 5000  
3.8461224484586563 0.5082773701479186 5000  
