-382.9625 68.95845 
-382.9625 68.95845 
-200.39004999999997 0.00225 
-321.8165 3.8690499999999997 
-343.54650000000004 7.152200000000001 
-360.32165 12.161999999999999 
-296.1553 2.4189999999999996 
-382.9148 67.6754 
-333.45925 5.57475 
-382.56955000000005 49.75975 
-382.91525 57.46215 
-369.72955 17.05145 
-382.28009999999995 45.41095 
-217.65575 0.04655 
-263.25085 0.65795 
-365.99315 14.6139 
-381.6249 39.3881 
-380.31115 32.891000000000005 
-278.48055 1.1144500000000002 
-374.1729 21.2247 
-382.82835 56.006 
-280.98585 1.2328000000000001 
-200.7793 0.0024 
-381.79855 40.3663 
-378.56865 27.7432 
-376.81870000000004 24.54765 
-292.7653 2.2189 
-380.1857 32.6233 
-245.88125 0.32184999999999997 
-240.27519999999998 0.23975 
