-382.9565 68.93504999999999 
-197.2299 0.00625 
-382.9565 68.93504999999999 
-379.59905000000003 30.40715 
-258.656 0.5621 
-339.29955 6.6569 
-382.90635 67.60005 
-382.90685 57.282650000000004 
-372.97945 20.773600000000002 
-382.71079999999995 52.17715 
-312.1352 3.3678 
-349.1974 9.174800000000001 
-288.0437 1.5110000000000001 
-382.0023 43.2422 
-366.5534 15.05925 
-359.90774999999996 12.82995 
-369.116 18.01195 
-326.59479999999996 4.96765 
-381.21695 36.618300000000005 
-381.265 37.062250000000006 
-242.03334999999998 0.27225 
-227.96545 0.12675 
-376.4026 25.63125 
-328.32815 5.13575 
-382.40205000000003 46.69095 
-272.38689999999997 0.9214500000000001 
-295.0135 2.05185 
-377.5625 25.8463 
-209.4726 0.021500000000000002 
-272.38689999999997 0.9214500000000001 
