-382.9625 68.95845 
-194.9639 0.0015 
-194.9639 0.0015 
-382.9625 68.95845 
-377.04995 24.88175 
-380.6139 33.79155 
-332.96635 5.4314 
-317.86109999999996 3.60535 
-382.21415 44.289950000000005 
-382.9139 67.65215 
-381.0944 37.78015 
-213.91985 0.08265 
-382.9153 57.46235 
-241.20069999999998 0.2518 
-289.05965 1.5399 
-344.3896 7.29385 
-382.83265 55.0785 
-257.83465 0.53355 
-373.6867 20.47605 
-371.00445 18.56255 
-363.99975 13.606449999999999 
-306.6508 2.55205 
-272.91415 0.9243 
-382.50545 48.63865 
-357.20799999999997 10.79505 
-250.07675 0.394 
-271.60005 0.89445 
-354.9696 10.0693 
-363.5955 13.4484 
-300.3344 2.2502500000000003 
