-382.9565 68.93504999999999 
-197.2783 0.00625 
-197.2783 0.00625 
-382.9565 68.93504999999999 
-368.06915 15.95635 
-382.9039 67.53710000000001 
-380.9604 36.0957 
-348.17175 8.4255 
-275.22415 1.0131000000000001 
-382.90685 57.282650000000004 
-382.4846 49.011300000000006 
-373.6442 21.748649999999998 
-254.79165 0.48195 
-359.5385 11.6567 
-225.50420000000003 0.10675000000000001 
-316.15825 3.4615 
-379.9966 31.608449999999998 
-381.86935 42.13065 
-382.76755 53.49305 
-209.03845 0.043000000000000003 
-240.39685 0.24995 
-382.06010000000003 43.5857 
-301.38689999999997 2.32045 
-337.60125 6.2279 
-378.63210000000004 28.9512 
-336.66805 6.1076 
-355.77305 10.594899999999999 
-232.66225 0.1622 
-251.21685 0.41500000000000004 
-377.8822 26.4376 
