-382.93735000000004 68.87559999999999 
-203.87900000000002 0.04245 
-203.87900000000002 0.04245 
-382.93735000000004 68.87559999999999 
-300.27845 2.32285 
-282.83975 1.39265 
-347.64605 8.46815 
-382.87045 67.15790000000001 
-256.47095 0.5991 
-382.879 56.7255 
-367.7391 18.39735 
-356.38345000000004 10.911650000000002 
-238.286 0.2798 
-381.31280000000004 38.354200000000006 
-359.81690000000003 14.277050000000001 
-313.81075 3.91955 
-382.07755 43.65675 
-335.36455 6.0360499999999995 
-364.59025 16.4316 
-336.03805 6.37885 
-380.6008 34.95595 
-320.1458 3.944 
-269.50775 0.9285000000000001 
-217.12490000000003 0.0942 
-382.7125 54.024 
-231.7452 0.2192 
-376.86924999999997 25.2252 
-379.72235 31.9665 
-266.9808 0.86575 
-375.2925 22.98415 
