-382.9565 68.93504999999999 
-204.01695 0.0103 
-382.9565 68.93504999999999 
-369.55944999999997 16.97635 
-343.96709999999996 7.30335 
-358.33254999999997 11.56615 
-377.27945 25.787999999999997 
-295.95709999999997 1.9478 
-382.905 67.56545 
-281.384 1.23275 
-380.12694999999997 32.293400000000005 
-382.90685 57.282650000000004 
-381.18215 36.433350000000004 
-334.7357 5.8444 
-382.42735 47.495400000000004 
-382.67665 51.441900000000004 
-235.4346 0.19085000000000002 
-260.42315 0.6075 
-378.2568 27.178449999999998 
-381.90139999999997 41.59975 
-326.9343 4.4791 
-247.34005 0.35319999999999996 
-382.77729999999997 56.06805 
-308.83105 2.7346500000000002 
-225.3845 0.12875 
-318.30405 3.54235 
-382.08705 42.925 
-364.61105 14.12515 
-269.7305 0.84425 
-363.61755000000005 14.0824 
