-382.9625 68.95845 
-194.9092 0.0015 
-194.9092 0.0015 
-382.9625 68.95845 
-375.0911 22.1736 
-382.91525 57.46215 
-366.19500000000005 14.82385 
-382.9144 67.66635 
-382.65549999999996 51.468149999999994 
-382.2175 47.1605 
-308.47069999999997 2.7146 
-213.63709999999998 0.02905 
-363.28855 13.29725 
-224.89454999999998 0.08915000000000001 
-286.33214999999996 1.42055 
-241.0281 0.24995 
-334.30005000000006 5.49125 
-378.4682 27.92185 
-380.73105 34.542699999999996 
-355.6599 10.1967 
-381.87070000000006 40.86665 
-259.7277 0.5789 
-380.9714 35.2936 
-381.94230000000005 41.8775 
-378.70285 28.20035 
-318.0677 3.6481500000000002 
-262.92965000000004 0.64915 
-296.63105 1.9242499999999998 
-348.8808 8.26475 
-343.58635000000004 7.0732 
