-382.93735000000004 68.87559999999999 
-203.87900000000002 0.04245 
-382.93735000000004 68.87559999999999 
-203.87900000000002 0.04245 
-374.25645 21.948999999999998 
-360.0677 12.9171 
-382.87205 67.1974 
-342.33045 7.3425 
-378.70045 28.6678 
-382.879 56.7255 
-327.99375 5.1834 
-303.4484 2.55585 
-267.96665 0.8856 
-231.29854999999998 0.20375000000000001 
-374.67995 22.332900000000002 
-287.2976 1.6240999999999999 
-257.82525 0.64755 
-350.58275000000003 10.291799999999999 
-382.26625 45.39165 
-290.01745 1.72085 
-381.59515 39.3026 
-237.97285 0.28325 
-346.36685 9.2807 
-216.32085 0.08895 
-358.31735000000003 12.219349999999999 
-379.7899 31.57195 
-381.03610000000003 36.148799999999994 
-313.47810000000004 3.3942500000000004 
-322.58849999999995 4.2782 
-382.76785 53.9289 
