-382.93735000000004 68.87559999999999 
-203.87900000000002 0.04245 
-203.87900000000002 0.04245 
-382.93735000000004 68.87559999999999 
-336.46720000000005 6.39665 
-381.44785 38.3676 
-382.8699 67.14295000000001 
-315.2993 3.5200500000000003 
-294.19489999999996 2.0635 
-279.29475 1.2517 
-382.4404 47.56785 
-382.879 56.7255 
-346.7724 8.695450000000001 
-231.64794999999998 0.2086 
-305.5328 2.7713 
-378.1815 28.5063 
-364.64615000000003 15.776900000000001 
-225.3384 0.14805000000000001 
-357.46025 11.29865 
-262.45285 0.78705 
-359.02805 11.889949999999999 
-380.06595000000004 33.22455 
-267.27594999999997 0.9058 
-248.6187 0.45104999999999995 
-341.5929 7.137 
-210.4513 0.0695 
-380.60249999999996 34.5985 
-248.76170000000002 0.45294999999999996 
-376.337 26.084400000000002 
-382.6425 51.03375 
