0.994270890794524 39.69771245902546 0  
0.004903072098399592 20.49112174033993 1  
0.004903072098399592 20.49112174033993 1  
0.994270890794524 39.91766931599196 0  
0.1646580425408354 38.54984860111151 1  
0.12740684878078928 39.9696128544349 1  
0.2855646718608804 38.54984860111151 1  
0.9814812503498449 37.550008897803046 0  
0.08635209079992257 37.79876759538455 1  
0.9985037993924092 39.84877700989298 1  
0.4648618788752462 31.408721979432606 1  
0.31036944921577525 39.9631563746164 1  
0.05469070200475207 39.81267863717397 1  
0.6173393431718528 37.73263455975756 1  
0.42919173832396423 30.16421248746552 1  
0.2458816995957156 30.547080636304518 1  
0.6854385041674661 38.57651059481368 1  
0.2514740650120464 38.004972053025156 1  
0.44435193184127314 31.206338155224547 1  
0.27010805727983084 35.69723584779472 1  
0.5744235382748797 37.72032748234126 1  
0.2059252513066152 39.04255414919643 1  
0.10593254142689656 38.800771630497024 1  
0.012976590627501894 39.04255414919643 1  
0.9210587589034026 37.291968905818486 1  
0.05469070200475207 32.751644085869934 1  
0.4525159431731535 39.72548490422245 1  
0.5411285944466607 37.60358889099145 1  
0.10419466734978244 37.84271004246229 1  
0.43107413988127863 39.9543530805636 1  
