0.9969638641514756 39.999510609685665 0  
0.003312787375635673 20.13490656899466 1  
0.003312787375635673 20.13490656899466 1  
0.9995319925184876 39.95531769173143 0  
0.42349371063638663 39.54824747524874 1  
0.9995042811672951 39.89939005569588 1  
0.35482078932193206 39.407979640375245 1  
0.9969693055720985 38.39860799594747 0  
0.8330152601191805 39.04005042770753 1  
0.7939458936478824 34.9738520631744 1  
0.17816061029540353 39.17957984144463 1  
0.01953200996113562 39.35503918010507 1  
0.3392669572631681 39.407979640375245 1  
0.0345058581372866 39.999266533853095 1  
0.1320536139164243 39.80737754637968 1  
0.05775806185660179 39.78654156224354 1  
0.2387270268128674 39.303844536776666 1  
0.48693721025953796 38.683413686527395 1  
0.5543559518225687 39.064845196381135 1  
0.30198326625755656 39.886552829116724 1  
0.6269617598986889 39.99824956570558 1  
0.08727146345485928 39.48360333408009 1  
0.5543559518225687 39.973205466754074 1  
0.6513211075144711 39.06562440568642 1  
0.48258595035898244 39.41217617304222 1  
0.20980047397549195 37.273010940019375 1  
0.09149526345934708 39.98068603505072 1  
0.15128880294311894 39.845653774232005 1  
0.2777959036423512 39.973205466754074 1  
0.2611593563209377 39.99824956570558 1  
