0.9990546030376521 39.69445441777996 0  
0.005594954895393925 20.491813848508816 1  
0.021629457014865627 20.183795518349065 1  
0.9999794125628522 39.93093481455073 0  
0.26735340144001773 36.23026246663537 1  
0.5974876542254662 39.99378718234158 1  
0.9997182576325901 37.53384100784177 0  
0.20030549782652818 37.969661115804634 1  
0.16585001756600787 35.4575644690463 1  
0.12104142582657251 39.55449374214325 1  
0.7439053530616521 39.97054941146603 1  
0.9995687126543359 39.6888970684882 1  
0.3103338825751989 35.17801047136515 1  
0.04876373679176173 36.49916966858348 1  
0.18568345082409177 36.49916966858348 1  
0.5135569913854795 36.69542922079335 1  
0.4134531488600577 33.473121357307775 1  
0.03616633050302709 39.37222670859343 1  
0.31495856471080125 39.47891064795414 1  
0.10661072257918325 34.253339366351085 1  
0.32147607005230855 39.549112191183895 1  
0.5602660245344515 37.1666021905962 1  
0.1113241440616835 35.62239496232995 1  
0.07636357623552803 36.38664317611796 1  
0.26735340144001773 38.37062265906278 1  
0.03476130633114609 21.91065664929922 1  
0.5602660245344515 38.61391341797452 1  
0.07636357623552803 36.49916966858348 1  
0.5135569913854795 34.403469753057074 1  
0.8175325997189412 39.61868461260973 1  
