0.9982507025859388 39.9982730621131 0  
0.01347342549884259 20.36083192367636 1  
0.9996567505473885 39.9982730621131 0  
0.0022864471332735836 20.022095316647473 1  
0.42833735805775597 38.69235740957303 1  
0.35857190613571943 36.002134774011125 1  
0.9984470601449758 37.59281082517182 0  
0.2734403720200518 37.84563390041233 1  
0.48654747932503795 39.7059105891626 1  
0.9996567505473885 39.997405313301186 1  
0.25073934574096146 35.12272931468897 1  
0.17384027509973465 37.98357563844425 1  
0.10393955262777888 38.55625837293686 1  
0.04730919985264498 37.186405960042656 1  
0.42833735805775597 39.106444775482515 1  
0.14118911971162804 37.94948387973913 1  
0.09331721346077071 35.91704278200258 1  
0.35672646722811796 32.122540034355794 1  
0.707118384239135 39.21869233576022 1  
0.14118911971162804 39.36086046891239 1  
0.6100057543011459 39.671423986131394 1  
0.058501546227668066 36.64317382210469 1  
0.34902949398351685 31.240622164534187 1  
0.0181165194993686 37.34489257577067 1  
0.3514402404861402 35.86716092705756 1  
0.5197314388330738 39.22059425791162 1  
0.5693365247635493 39.7059105891626 1  
0.20029078732822286 37.186405960042656 1  
0.21788652507699463 37.958816947636976 1  
0.8935364260971886 39.27311755811522 1  
