0.9988916902198112 39.99143971918189 0  
0.0011272056137922176 29.87109328333254 1  
0.9988916902198112 39.99676453868423 0  
0.3726491090353115 39.99175681976129 1  
0.26971420234426063 38.86467672754027 1  
0.33326251726802686 37.53427694698075 1  
0.46879347510581987 38.37308781411616 1  
0.15552218977033366 38.47986523766594 1  
0.9940399406725656 38.21668152259137 0  
0.1232346026696618 39.98365836119748 1  
0.5286096305206207 39.09617839813466 1  
0.9959549557955445 39.993919885348845 1  
0.5692243980418871 39.981711915290624 1  
0.25816933363091493 36.61775864288093 1  
0.7478627509194068 39.02161693129583 1  
0.8232076178309101 39.86233429551339 1  
0.049624863948060705 39.93464682764186 1  
0.08908524431302156 39.21586542304139 1  
0.46879347510581987 39.981711915290624 1  
0.6482894987155473 38.97254776242622 1  
0.21710640574530926 39.96448057715855 1  
0.06837742896169718 39.17879665770025 1  
0.998991088612704 36.600570775078445 1  
0.1761883144930042 39.984035499774905 1  
0.05012917388269024 28.773182791844054 1  
0.1968277413667362 39.98402950193423 1  
0.6590667999217674 39.981711915290624 1  
0.3515952700997363 38.85497035755893 1  
0.10352362296906248 39.62862179391886 1  
0.3687801603646563 36.57235778730507 1  
