0.9993907789931283 39.92067131685262 0  
3.8575219920753204E-4 20.161710756613612 1  
2.54167666377092E-4 20.161710756613612 1  
0.9993907789931283 39.99903469502854 0  
0.44620766512080945 39.853802434174476 1  
0.5385719630310829 39.744824604329594 1  
0.2453496272289877 37.716116331184026 1  
0.20732687394270852 37.61865657520307 1  
0.6817001026330517 39.7434327840995 1  
0.9974797620472777 38.382686011614005 0  
0.6335477689948752 35.740258416265405 1  
0.05136162317239623 20.179812053845332 1  
0.9993907789931283 39.92067131685262 1  
0.05790237923225034 39.863679300018944 1  
0.13675202944955198 39.99174926371379 1  
0.2670533973825041 39.39669968869145 1  
0.9185347056320473 39.980109551578195 1  
0.08332228891683086 39.92040555641089 1  
0.4047298948382403 39.997666480634344 1  
0.4064916336176391 37.55923429344934 1  
0.3409238939772823 39.6278006284858 1  
0.17122311116907826 39.87108087077797 1  
0.10810171021795043 39.99174926371379 1  
0.7692683089823372 39.132471021862294 1  
0.3120175961147684 39.39669968869145 1  
0.07358424928462685 38.65114995798943 1  
0.10774147743425525 39.22234703382685 1  
0.304623313481328 39.216994312542994 1  
0.3409238939772823 39.39669968869145 1  
0.17122311116907826 36.95991786893726 1  
