0.9989504974526768 39.924919762692575 0  
0.0014904085119972765 20.2705141160911 1  
1.3922333917953944E-4 20.2705141160911 1  
0.9959853140475677 39.995318508487124 0  
0.3629536708322762 39.786657342636765 1  
0.9998614625497882 38.1851401826544 0  
0.5853245446500017 37.956312863292816 1  
0.2932617698099942 37.5788552753609 1  
0.11255056636245715 39.756776876425555 1  
0.9933691935217348 39.88418212708484 1  
0.7911670880934925 37.99179726620373 1  
0.4572462225902553 35.51897858260361 1  
0.07880478331156321 39.9930482438891 1  
0.3188174850925003 39.99511158577642 1  
0.039154784764349304 36.27459612691739 1  
0.20313793129221597 37.667770203663004 1  
0.514006769938847 39.854836600794165 1  
0.6752900119758238 37.387461954246334 1  
0.8750643623977589 39.93020421383469 1  
0.034403559958295304 21.093354962114233 1  
0.05692805664246453 39.76479640395035 1  
0.6910941747408613 37.97927033182592 1  
0.17194995292388437 37.30121995175146 1  
0.25990960785786277 37.54165853134715 1  
0.5148947730490396 37.006831882574986 1  
0.25990960785786277 37.158511359756254 1  
0.31964353251564515 37.83757372847683 1  
0.04566812019827038 39.7642220713846 1  
0.07322799307459565 39.9930482438891 1  
0.4615752259721556 39.87987710046504 1  
