0.9977569814328273 39.93848435078451 0  
0.9986894837973123 39.94920492956499 0  
0.0010668198131899703 27.033293052273525 1  
0.20459326598297944 39.831734951862074 1  
0.2666624987882116 39.08176940255105 1  
0.3345785912173497 38.341503266466106 1  
0.2084094042543479 29.021688059560386 1  
0.9977569814328273 38.40875510851402 0  
0.25165321127772083 36.99630377091119 1  
0.7931913214069255 39.11353860113342 1  
0.9975490425816318 39.8994015165659 1  
0.37416649503102717 39.71579358700471 1  
0.708244708122583 39.11353860113342 1  
0.025048355124537125 39.25403589485839 1  
0.09221513083924873 39.81625495132261 1  
0.34914792665585176 39.9625390256128 1  
0.6157798919686013 39.0440650510531 1  
0.5354514045268023 39.07059942025121 1  
0.1184278431200375 39.66209730649926 1  
0.4189936883407833 39.0440650510531 1  
0.9646897089131029 38.43121711758078 1  
0.12685025278788503 38.44424596453676 1  
0.0017017096238057805 28.473757589021112 1  
0.6218364402251217 39.71819055088331 1  
0.4733939843240936 39.92606384702376 1  
0.4442731124968785 39.71819055088331 1  
0.20201188384707341 28.665784342893232 1  
0.5373325767214192 38.60965522597646 1  
0.0660847698442924 39.168322434998274 1  
0.05647728415092065 39.986647568921875 1  
