0.9904344674922461 39.992105339293694 0  
0.0024418964583443684 20.24658233157097 1  
0.9948815362730864 39.97780475134764 0  
0.5013305648139145 39.92853121623649 1  
0.0849246640460946 39.88126283600454 1  
0.27329705144469874 36.427483869548595 1  
0.9924057181538157 38.255186985031585 0  
0.9948815362730864 39.97780475134764 1  
0.43891521875259953 36.38433052553205 1  
0.8410888518174986 39.94388165564938 1  
0.21842770816519808 33.52752999112731 1  
0.32485964450614646 34.439553055070846 1  
0.1353057383879277 39.88126283600454 1  
0.6906282347386977 37.563728665271384 1  
0.35560809928140297 39.59144521676847 1  
0.37222740255320175 34.439553055070846 1  
0.4297547424786451 34.439553055070846 1  
0.2574398448102494 33.589926654410306 1  
0.5715035315032962 39.94177554667918 1  
0.5817975298687118 39.35805069671049 1  
0.059595230730248194 39.60782529755481 1  
0.04266918631118492 36.48455409293628 1  
0.5052675040542158 34.74300404756166 1  
0.2574398448102494 34.23337711703096 1  
0.7233227019818905 39.919645799126535 1  
0.10756032721415965 39.88126283600454 1  
0.17235424457767212 34.39433405043654 1  
0.4558758183423857 39.874558836827894 1  
0.013860139821320283 39.847658446270266 1  
0.10756032721415965 39.88126283600454 1  
