-382.9565 68.93504999999999 
-201.5293 0.008 
-382.9565 68.93504999999999 
-381.23175000000003 38.4053 
-292.52110000000005 2.5102 
-364.993 19.0781 
-377.20939999999996 26.29205 
-358.83795 12.475249999999999 
-269.8113 1.15195 
-325.36695 5.5074000000000005 
-346.69995 9.75245 
-242.55095 0.3769 
-209.2926 0.02105 
-235.111 0.30060000000000003 
-382.86185 66.4641 
-334.0019 6.7382 
-381.7917 48.387950000000004 
-281.36109999999996 1.81765 
-382.90685 57.282650000000004 
-374.315 23.196199999999997 
