0.9955459745259254 39.90530633705847 0  
8.516730002860184E-4 23.947972001140215 1  
0.9998181017989866 39.994390967917596 0  
0.6378357754790074 36.07132040625519 1  
0.2314407211001807 25.11910952720318 1  
0.5599178682725751 25.115708201259444 1  
0.4924871365780846 36.53264821019925 1  
0.3714504835867035 34.0290710724683 1  
0.1538291199898021 27.070740139340987 1  
0.3038895792180337 28.247811239603717 1  
0.38277448489211363 28.599756517274443 1  
0.08853123885784042 27.524533559775843 1  
0.01369740743733422 39.60079775068949 1  
0.08616554176689756 23.768630350883512 1  
0.9966100036534895 37.02655289396935 0  
0.3227849775735001 29.277656866110256 1  
0.9999877904803492 24.24469859414195 0  
0.2003465643638495 24.912582479123547 1  
0.9999997763075467 39.89557117653821 1  
0.4924871365780846 33.63243403680712 1  
