-376.09645 23.9942 
-383.03215 59.219049999999996 
-290.6078 1.7376 
-355.63245 9.29775 
-253.31509999999997 0.7538499999999999 
-306.73715 2.849 
-204.41590000000002 0.0092 
-376.4822 26.1072 
-381.3423 38.0727 
-350.0385 8.1891 
-306.77554999999995 2.86885 
-357.4733 10.098400000000002 
-363.0304 11.2015 
-381.34794999999997 38.20245 
-361.37535 10.76265 
-371.42949999999996 19.8723 
-295.32145 2.0613 
-374.5665 22.45125 
-382.5455 42.924949999999995 
-381.42035 41.317449999999994 
-306.3198 2.22625 
-383.08675 59.9461 
-382.9719 57.41385 
-307.1032 2.8775000000000004 
-207.7652 0.012750000000000001 
-334.9525 6.3993 
-341.14205 7.5929 
-381.00765 33.3861 
-367.99815 13.8601 
-200.51685 0.00215 
-286.834 1.4883000000000002 
-378.68875 28.65885 
-372.63805 20.374299999999998 
-331.42875 5.4666 
-238.20839999999998 0.24545 
-379.82475 30.60455 
-383.12985000000003 60.1703 
-356.07349999999997 9.35115 
-268.90274999999997 0.8017000000000001 
-330.77665 4.545299999999999 
-315.8682 3.95005 
-382.7816 47.19540000000001 
-340.81809999999996 6.5352 
-354.22475 9.0108 
-353.48204999999996 8.355550000000001 
-275.93305 1.23155 
-357.4955 10.102 
-382.8365 53.4001 
