-383.24035000000003 77.82130000000001 
-177.942 0.030699999999999998 
-383.23195 73.88915 
-229.2573 0.16885 
-298.58815 3.0601000000000003 
-327.98490000000004 4.4637 
-382.779 50.88 
-271.27695 1.07945 
-383.21295 61.96275 
-211.59154999999998 0.0876 
-367.31745 17.2347 
-250.69215 0.66665 
-382.92135 54.1353 
-382.4096 41.0813 
-380.3614 30.53925 
-377.4891 26.6599 
-350.87109999999996 9.56595 
-194.3779 0.03415 
-254.5011 0.9439500000000001 
-360.944 11.83925 
-286.92195 1.4475 
-383.07095000000004 60.691050000000004 
-346.40395 6.50485 
-199.87675000000002 0.03745 
-376.8725 22.9482 
-357.35069999999996 10.7007 
-382.2644 39.3811 
-381.7541 35.1739 
-381.01385000000005 34.4394 
-338.5502 5.59925 
-372.15009999999995 18.32895 
-340.48974999999996 6.34555 
-332.062 4.8764 
-295.6743 2.3503 
-289.2365 1.6172 
-375.25685 21.071800000000003 
-360.36585 11.67475 
-375.05575 20.930300000000003 
-373.8705 19.52005 
-293.2165 2.1877 
-373.50625 19.29215 
-382.357 40.427400000000006 
-292.7196 1.58635 
-329.65520000000004 4.77225 
-383.13395 61.2928 
-382.4096 41.0813 
-330.71045000000004 4.84905 
-383.1516 61.768 
-373.71895 19.5048 
-383.1525 61.778850000000006 
