-191.92284999999998 0.0731 
-383.16995 75.95415 
-383.1609 59.27585 
-355.31945 10.73675 
-355.02075 21.766849999999998 
-381.6692 45.68625 
-277.58855000000005 1.54295 
-381.4 35.356700000000004 
-336.1101 5.6244499999999995 
-201.83929999999998 0.08445 
-369.48720000000003 28.2053 
-215.0457 0.1133 
-258.82995 0.91655 
-374.55225 31.55905 
-364.3808 23.86705 
-285.56005000000005 1.53575 
-325.98720000000003 4.4357500000000005 
-314.57349999999997 3.8166 
-343.49235 7.2599 
-375.48535000000004 33.625 
-250.98714999999999 0.5302 
-382.83785 55.1854 
-237.91379999999998 0.34735000000000005 
-307.28369999999995 3.0355499999999997 
-232.21105 0.3226 
-367.52985 25.6706 
-382.45705 50.751099999999994 
-382.9347 56.2732 
-299.6626 2.54075 
-351.12570000000005 8.4377 
-381.25365 35.013949999999994 
-293.22955 1.7824 
-223.49025 0.123 
-382.32695 48.6524 
-320.8723 4.30445 
-223.1765 0.29085 
-303.05835 2.80635 
-294.5786 2.0266 
-365.4844 25.2813 
-255.16219999999998 0.76915 
-352.376 9.90995 
-347.73 7.6709 
-237.3155 0.3457 
-322.28245000000004 4.34755 
-347.0218 7.6334 
-382.5688 50.7502 
-252.17270000000002 0.6634500000000001 
-382.38374999999996 49.025999999999996 
-258.64495 0.6920499999999999 
-353.79925000000003 10.23955 
