-383.20825 63.080149999999996 
-262.49879999999996 0.63075 
-380.62525 39.60395 
-382.3918 46.45755 
-202.53845 0.0029 
-382.9961 52.760149999999996 
-275.12045 1.10705 
-379.1024 30.921950000000002 
-381.156 41.0967 
-334.1916 6.3288 
-236.99075 0.18364999999999998 
-382.4464 46.93895 
-345.33095000000003 9.10465 
-231.49525 0.14205 
-372.6754 17.841549999999998 
-358.8293 9.2201 
-319.49375 5.649050000000001 
-303.63765 2.5496499999999997 
-380.86080000000004 39.80025 
-382.4513 51.92835 
-236.93115 0.1977 
-262.49879999999996 0.63075 
-345.33095000000003 9.10465 
-236.6962 0.17670000000000002 
-258.3656 0.5072 
-380.30485 38.63105 
-376.3978 20.40475 
-241.91230000000002 0.2573 
-216.91365 0.04185 
-383.07245 55.07615 
-381.08095000000003 40.78915 
-380.22794999999996 36.79195 
-202.659 0.003 
-382.9773 52.18 
-278.488 1.17305 
-298.6414 2.08685 
-265.5695 0.67155 
-382.3546 42.574 
-231.7974 0.14785 
-247.5016 0.33999999999999997 
-216.91365 0.04185 
-362.27265 11.539750000000002 
-383.27290000000005 64.51724999999999 
