-168.2176 0.0326 
-383.3596 65.66590000000001 
-168.2176 0.0326 
-218.0489 0.0906 
-374.0997 21.50025 
-376.10720000000003 32.3571 
-357.13175 13.344449999999998 
-383.0774 62.29665 
-303.2686 4.01605 
-311.72425 5.21475 
-329.30355 5.5578 
-247.59045000000003 0.8069500000000001 
-269.08074999999997 1.7139000000000002 
-383.03165 54.7504 
-380.97979999999995 44.903999999999996 
-366.12905 17.34015 
-378.59295 39.23855 
-362.3769 17.674149999999997 
-382.07255 47.0813 
-284.99379999999996 2.3272 
-383.07245 57.24145 
-342.2472 8.0617 
-368.06405 20.3708 
-382.85255 50.4327 
-379.61605 41.6875 
-332.34015 6.7318999999999996 
-377.29625 35.59885 
-342.5745 9.0037 
-284.99379999999996 2.3272 
-382.82715 50.08735 
-349.15094999999997 10.2872 
-348.85315 11.1984 
-307.37175 4.35555 
-274.1279 1.6700000000000002 
-225.289 0.1396 
-372.73625000000004 20.4882 
-278.70230000000004 2.26445 
-379.2014 40.852000000000004 
-376.9924 34.617000000000004 
-243.8775 0.3437 
-383.0308 56.680800000000005 
-376.39189999999996 32.93395 
-232.19545 0.2059 
-236.80110000000002 0.26795 
-222.4776 0.18195 
-348.52535 10.10425 
-246.93955 0.7941 
-304.9655 4.1335 
-269.08074999999997 1.7139000000000002 
-332.02684999999997 6.71195 
