-210.15109999999999 0.05415 
-383.3061 75.80765 
-383.23495 61.88719999999999 
-376.7759 23.28505 
-380.2152 33.87605 
-382.6589 45.27655 
-230.95045 0.2808 
-382.8606 54.56555 
-381.91499999999996 38.17585 
-304.5458 3.1473 
-330.59735 6.864000000000001 
-312.80455 3.873 
-368.8625 20.1839 
-382.63575000000003 50.69085 
-292.55475 3.06445 
-325.46135 4.2103 
-248.72385 0.51685 
-349.76295 11.27715 
-364.09035 12.63935 
-360.5738 11.007850000000001 
-290.76795000000004 1.8323999999999998 
-372.9801 22.13325 
-345.32785 6.8286 
-280.74625 1.62365 
-275.4352 1.38015 
-368.1042 16.5916 
-367.29815 14.967 
-240.60205 0.4823 
-265.4029 0.7622 
-348.99795 7.86935 
-309.4552 3.5252499999999998 
-262.80805 0.6877500000000001 
-328.8169 4.581 
-349.0059 10.9184 
-256.09915 0.6272 
-381.08815 36.2869 
-327.24405 6.750400000000001 
-256.39335 0.6314500000000001 
-277.7953 1.1017000000000001 
-346.5655 7.3259 
-382.86145 52.3729 
-235.75335 0.38045 
-382.8607 52.3521 
-237.2525 0.40965 
-381.70565 36.7022 
-264.94465 0.75025 
-381.6999 36.68005 
-236.9692 0.40705 
-327.6776 6.8484 
-235.75335 0.38045 
