10.634678948909233 0.005497597395671239 29.077426019446282 1  
38.28259884532035 0.7131888750399408 39.84264084309037 0  
15.644433757419579 0.07394927051551725 27.438196831583284 1  
33.195645007262726 0.94470227817353 36.1740825292046 0  
46.55814063784983 0.10214088589431347 38.98396039043033 1  
41.704672794995005 0.8059452000768128 35.17510530763415 1  
19.116141712258198 0.6033715359836453 33.81226928536469 1  
47.08149087089611 0.3040825504622193 38.34410463394198 1  
26.719714376979198 0.6796473622894655 31.81306469585793 1  
12.214413432910272 0.005497597395671239 29.077426019446282 1  
49.14553174895484 0.0031777282673526863 37.595329023021236 1  
41.23119569957783 0.32083793611417466 30.453829628441433 1  
16.884455178545746 0.005497597395671239 26.94554835253661 1  
38.46602095654168 0.30413618759196187 36.486351034156776 1  
40.996888665998355 0.45842626831775357 35.38492046006406 1  
38.25874091861805 0.17096040040301655 34.84607974036839 1  
36.783657017241964 0.4448344433206718 35.00493859539671 1  
33.55510344310434 0.7787819858560198 39.99105598075442 1  
36.99562012625276 0.7204555517165754 36.44585827592489 1  
33.858341298711494 0.20319747518677245 35.309770842129026 1  
31.382220771392564 0.6864698535799607 30.75317754867164 1  
42.701230358102364 0.213359402061371 30.214200066662244 1  
38.30047475128998 0.21395399043469132 39.90755422912104 1  
34.21329816648234 0.21448993641372324 38.27891414517688 1  
36.783657017241964 0.45322539898799974 34.833568982851645 1  
33.6157379891553 0.6776377521312131 32.52458478400855 1  
47.00629622840057 0.0129751729871731 22.840828685343563 1  
46.75465670042062 0.10734129874390097 38.881877885576756 1  
40.75885997866059 0.45322539898799974 35.48700901134907 1  
42.45933047275132 0.2957170248651364 29.27675020471163 1  
36.976903561308674 0.6856805373276893 35.3833882336542 1  
33.858341298711494 0.15547815253058883 30.379297076523507 1  
42.45933047275132 0.1712870597461335 29.27675020471163 1  
34.9112907062972 0.6212048519124879 33.1804817095546 1  
42.681466942177764 0.32083793611417466 28.532299032173782 1  
36.21174752596979 0.3040825504622193 38.772058556945524 1  
26.626271197173075 0.21430108515348512 38.27891414517688 1  
23.673377747911772 0.1707811577392333 34.94565587786515 1  
36.911055562338476 0.6150280797267017 38.772058556945524 1  
22.808206748940215 0.14803818177860942 35.60028736651986 1  
40.702740935058245 0.22974031859502098 28.656444069913164 1  
27.308215395677507 0.21157460406467254 39.65232643187488 1  
42.70769126004282 0.32083793611417466 36.36025325496082 1  
38.38333864002735 0.3040825504622193 38.772058556945524 1  
22.808206748940215 0.17096040040301655 34.84607974036839 1  
42.681466942177764 0.32083793611417466 28.349691471607464 1  
36.99373787885282 0.6917024973594564 36.486351034156776 1  
42.45933047275132 0.2893611182046475 29.27675020471163 1  
36.99373787885282 0.6917024973594564 36.486351034156776 1  
34.9112907062972 0.6864698535799607 33.172943200132266 1  
