47.05000192053194 0.7990814642244624 39.88241665615057 0  
10.25637611875959 0.025372009282265573 29.686179014803244 1  
42.03376990865586 0.9298258347192574 39.212326778949034 0  
40.490138610112794 0.06227428031511745 26.13797210429276 1  
29.33464508956455 0.25525963680411723 24.77678247365477 1  
46.801637489398004 0.24853892910903974 31.74983431076165 1  
47.05000192053194 0.7153503550189523 33.728653755028844 1  
25.931731534152718 0.1291012645290548 33.57336823819893 1  
42.03376990865586 0.9300804930626442 38.67962758068778 1  
16.412542730135744 0.04445185677802399 26.13797210429276 1  
43.69795203146056 0.46029647653832206 27.020560540630704 1  
14.207646001827197 0.10163499663371905 34.736938598665155 1  
37.09035369021242 0.7912351287694346 38.44104859100321 1  
45.58018625955691 0.5364024226273826 38.93168309334568 1  
42.09769169854778 0.4799216058146707 35.79710629383522 1  
32.04657669184827 0.49595008804905105 35.21368577825228 1  
29.28937294868235 0.32088819785062883 35.88742610410779 1  
12.65930215572227 0.024728558783743804 29.686179014803244 1  
21.099158383235583 0.16641174523045332 21.80085370022189 1  
43.75788552295196 0.34971221379070205 32.37303630313049 1  
43.89427772388086 0.1547237853401332 32.4158544696938 1  
42.825072859199686 0.9422190776013333 33.86576913214821 1  
43.91880003037626 0.24472122707259436 39.13796854290421 1  
13.655542658221048 0.025372009282265573 29.686179014803244 1  
37.08293242427969 0.40694149301994254 38.62490378101315 1  
42.09769169854778 0.34057259029401077 32.22677854990392 1  
43.69795203146056 0.5169159628838524 39.901678786079636 1  
43.69795203146056 0.4799216058146707 39.434799206616034 1  
45.59130147333899 0.5442207019925208 32.20822378381844 1  
43.93661683094714 0.251331006498762 35.270932109900116 1  
41.07217384145585 0.40088979556917304 33.86576913214821 1  
43.3235913571607 0.27930569077232803 32.55650150416662 1  
46.609565430833015 0.2523038326887759 32.586447860280515 1  
21.099158383235583 0.17230605242573027 38.11681874691983 1  
43.31299672334309 0.16619920466019147 31.179918448099805 1  
37.08293242427969 0.4000139072036982 37.651546882072495 1  
43.58382774827418 0.34971221379070205 32.19300016334542 1  
47.284742585650996 0.4260800466301532 32.23020223886405 1  
43.60525783942084 0.40519133086390857 33.893155578841984 1  
21.099158383235583 0.16641174523045332 38.11681874691983 1  
42.825072859199686 0.40519133086390857 33.86576913214821 1  
45.58018625955691 0.5294889251562165 38.93168309334568 1  
36.79592348675165 0.1402944376028768 39.34598090574693 1  
42.45608856668279 0.2522945167349623 32.4158544696938 1  
37.316746102735614 0.9767409550045548 38.44104859100321 1  
45.58018625955691 0.5364024226273826 38.93168309334568 1  
43.27190981635116 0.2526353177865246 32.586447860280515 1  
42.03376990865586 0.9528944260395494 36.14385365226977 1  
42.825072859199686 0.40694149301994254 33.86576913214821 1  
42.03376990865586 0.9528944260395494 36.17083800639155 1  
