40.864018241270195 0.9899475569993699 37.788582991895424 1  
48.47982474623931 0.10978067653754675 31.51674507679799 1  
38.66602391630887 0.7347117791997688 25.662914441354175 1  
39.5675007402369 0.7017358943065449 33.06859206691661 1  
41.14488893908279 0.0028848108095851366 36.64287306873187 1  
44.99229519475043 0.6975846718832427 38.87807109494744 1  
44.12223607671291 0.14754881172142775 28.95940871095201 1  
42.142532839079 0.5748139405472781 28.435853302448336 1  
44.122702012726094 0.7205509481336696 25.657530802692072 1  
23.53939461864404 0.2675214551796576 38.637032547165816 1  
41.14488893908279 0.054868995846067414 36.72569706892611 1  
40.59332460519252 0.7017358943065449 33.06859206691661 1  
21.9685161841609 0.32465600063665156 38.1809335742041 1  
49.89747602139823 0.054446564051872384 31.30347993257998 1  
41.739842324155454 0.3775616800481988 35.925811646533354 1  
49.981334840182136 0.28066022816251956 37.75729379120103 1  
15.401604914388805 0.2996684842912314 36.55050064008259 1  
29.88883319462171 0.186096455293224 35.49184415166708 1  
43.49515586489788 0.7121199180349339 25.459589990582778 1  
38.27690838910779 0.8650689459649117 28.964792349614115 1  
49.89747602139823 0.06391790602589593 31.30347993257998 1  
48.47982474623931 0.10978067653754675 31.51674507679799 1  
21.9685161841609 0.32465600063665156 38.1809335742041 1  
44.2003470835626 0.054868995846067414 36.27507646185386 1  
49.80340213797856 0.09695151494896459 33.069007778443094 1  
36.727716052364805 0.7347117791997688 25.77546362270843 1  
44.99229519475043 0.36768290311314167 38.78013953785561 1  
48.133691482339316 0.07160570301924757 31.830177242043558 1  
49.86349346878332 0.029655848983757685 31.30347993257998 1  
43.71264819459367 0.7402410170204499 39.59716414363423 1  
43.50720065098447 0.7200908505122035 25.654741205072018 1  
44.1106572266395 0.6753826774329985 25.462379588202833 1  
41.52638407058383 0.0024891299578194692 37.52074893656838 1  
43.48489557149075 0.688832993820226 39.59716414363423 1  
44.37315033482282 0.14754881172142775 30.330559014706623 1  
49.80340213797856 0.1924759694501104 29.693660112678277 1  
48.47982474623931 0.10996094216408112 33.07588824067774 1  
40.49474648644204 0.5916385986958467 37.382833405990176 1  
47.24571689284799 0.05513158037866 31.30347993257998 1  
48.47982474623931 0.08228264917643828 31.51674507679799 1  
49.925996294604516 0.029655848983757685 31.30347993257998 1  
39.378807710314206 0.31264988130386007 37.77722392320295 1  
44.707182444697565 0.9927262248573014 37.536591987527174 1  
