13.138263019485988 0.018336936059929143 20.463036526580094 1  
49.98993646899228 0.9643739402750335 39.32619212715469 1  
13.138263019485988 0.009843874967473631 20.463036526580094 1  
42.08690533782484 0.012347551874821006 39.52753549245286 1  
36.61464511476815 0.4153278255959677 36.0590912770289 1  
19.217058364965464 0.7184372063449119 39.56297513946934 1  
48.45731779445631 0.4315849897205173 24.88895720265206 1  
47.82925863747731 0.9656536210529862 31.49417649686633 1  
24.575079864271448 0.2920284743659374 24.242770007635656 1  
19.305331800994484 0.3276296520127101 26.50533875687471 1  
49.52158310574554 0.29204174982075554 27.3593193389349 1  
13.274511659394568 0.12418380179037314 30.577815488159807 1  
16.561108573198126 0.21330411786477388 24.179215874949435 1  
49.50905109159792 0.7310112532865418 36.81803655760153 1  
34.42413224226173 0.8990412019937795 20.850771097933702 0  
25.30684500086943 0.3992023789776986 39.1805697786432 1  
19.54018646261827 0.9262185779295189 35.663872011162134 1  
48.4615081386435 0.5210287001633406 22.13402875401828 1  
48.498275213335106 0.7483977217874359 26.993533956395936 1  
23.72075631481738 0.2180085252120229 25.498202577495036 1  
46.90721996093933 0.7967644132679587 36.21479999062661 1  
36.56559300396149 0.32297308564350824 30.16815010730646 1  
41.71230732145043 0.5254805470160233 24.656629174361388 1  
42.257716709166445 0.6729601913521329 38.770378094903116 1  
19.241952686452564 0.9643739402750335 39.32619212715469 1  
38.72707321589864 0.3276296520127101 26.47866744570838 1  
18.717333372566944 0.8172249448191357 39.57706977939857 1  
48.19234498952581 0.38015652843186554 24.25420161926683 1  
23.72075631481738 0.2180085252120229 25.498202577495036 1  
46.90721996093933 0.6679789209670566 36.54053616109 1  
48.25332516698175 0.3857681836499788 25.50963418912621 1  
35.973825040215274 0.4157081381289103 25.541186009078938 1  
23.72075631481738 0.2951134170057388 25.498202577495036 1  
23.72075631481738 0.18496832829793003 25.49818225265301 1  
46.98073559514773 0.04497447402730392 30.59837098906322 1  
35.19815877038161 0.4133782295388293 35.810290956761634 1  
13.274511659394568 0.2200695190670322 30.32379701206043 1  
18.861497222497764 0.9643739402750335 39.32619212715469 1  
49.543132694616986 0.731328068932741 20.432683055568138 1  
40.67184020891999 0.06784629153652094 35.582407536835284 1  
46.366802786718296 0.7967644132679587 35.525469640897306 1  
19.241952686452564 0.7320314114149578 39.32619212715469 1  
46.91655799675188 0.05730929526932227 30.53504722719221 1  
35.13133717754576 0.05730929526932227 35.5531666304023 1  
40.38743469623425 0.06584644917264881 20.492804988227036 1  
48.25332516698175 0.38324147107166695 25.50963418912621 1  
13.274511659394568 0.12418380179037314 30.32379701206043 1  
23.72075631481738 0.2906954182325494 25.12370878719684 1  
16.561108573198126 0.21330411786477388 24.179215874949435 1  
38.04646776563054 0.3276296520127101 26.50533875687471 1  
