37.386498741764704 0.7841016603746992 37.608620048675625 1  
46.41129124168608 0.3769086462486043 22.439622639170345 1  
43.30918269709632 0.4112570509263469 38.32361421715651 1  
16.30556619401269 0.17886909724372813 27.846040982121366 1  
46.73154477221096 0.7541899327549247 38.83126235462949 1  
29.568308858972262 0.31080725882640503 22.855907361321762 1  
31.338206612432526 0.771857705636084 37.212770485233804 1  
46.229451669502694 0.3155871968845808 25.24952490733938 1  
32.60991288837243 0.3341617206799067 39.3530447656179 1  
47.03842582534577 0.020676926316540944 22.801114690355178 1  
45.724968769015554 0.7073449116829577 24.47525467333554 1  
44.98338474750411 0.8323658071902762 38.81921515594407 1  
48.684315385995866 0.6392513483399636 37.3846876760211 1  
30.812883787947012 0.6168194203195602 38.36587286719971 1  
31.47571343883301 0.1262322194482905 25.13966811059042 1  
46.229451669502694 0.35330112389733026 25.24952490733938 1  
45.44745424129129 0.4112570509263469 38.32361421715651 1  
40.088731427145 0.3155871968845808 25.24952490733938 1  
46.267903044437205 0.1013507958682387 22.148966090203754 1  
31.980019187153744 0.3341617206799067 36.86655578339096 1  
34.41039808569447 0.1262322194482905 21.308871329584075 1  
44.98338474750411 0.7997354848628457 38.7608787144382 1  
46.30206637747539 0.41169854998245264 39.13711647938939 1  
40.00927449368757 0.2831510046208282 36.12743967742561 1  
49.72578509292533 0.015471920030666442 22.631774026457308 1  
45.955002832170614 0.7180472567737638 38.30309028547978 1  
45.453763370734144 0.995080657996939 36.14796360901202 1  
46.08741889925397 0.9948800411548879 36.12743967742561 1  
46.686979498000376 0.009762787010668295 24.47525467333554 1  
46.229451669502694 0.3155871968845808 25.24952490733938 1  
49.23820364174073 0.3312541559304439 39.326752044610814 1  
32.60991288837243 0.3341617206799067 39.06511616461204 1  
46.73154477221096 0.7541899327549247 38.83126235462949 1  
31.56472244089575 0.6221650468474603 39.6625748215273 1  
37.57723024799904 0.0937295023832837 22.450705073879632 1  
29.568308858972262 0.3105901229933666 23.005191842024928 1  
48.684315385995866 0.6392513483399636 37.3846876760211 1  
46.73154477221096 0.8169466899886014 38.12069961080097 1  
49.29115715791931 0.9790654310117481 39.55870475023276 1  
31.980019187153744 0.3341617206799067 38.468854428593254 1  
37.27488921145199 0.1013507958682387 38.99834824643408 1  
46.73154477221096 0.1625561144230102 38.83126235462949 1  
49.511297947430826 0.3320569129370702 37.14754518683662 1  
39.77681442568432 0.17866893601686398 26.996350317274647 1  
37.7427598505632 0.10059929784131777 21.86836681262835 1  
31.56472244089575 0.6224136494062014 39.677193493288996 1  
31.113963912425845 0.6165708177608191 37.54457561160846 1  
