29.210489342794265 0.4498878559267304 39.05873999453626 1  
38.439525319317056 0.9304661322074927 35.788773037110786 1  
41.676658357414084 0.17499631189952525 30.31498498761904 1  
45.22311103711013 0.3074116948964031 34.214769994140696 1  
14.355355314411376 0.11559972394992601 32.58328439189654 1  
42.15590305438403 0.22219784327317527 28.944480407755698 1  
31.623057063080093 0.013980803051045765 25.2173351387218 1  
29.246191655216034 0.5180164237075242 34.55342457358372 1  
34.49363825627147 0.6161365060320406 34.0202172136188 1  
45.22311103711013 0.3074116948964031 32.29603400420372 1  
42.15590305438403 0.22366113610996025 28.774209546614173 1  
42.16000199855982 0.3169544106169788 34.53125933340352 1  
46.45766071601502 0.3073251576138729 36.90684573088277 1  
34.171616540992616 0.6195547021597334 34.07623153025211 1  
49.919032081989 0.3169544106169788 34.53125933340352 1  
29.24812362751199 0.445703134490252 35.18931448030212 1  
40.571005960925156 0.1911968704556859 29.56988843835906 1  
29.210489342794265 0.4498878559267304 37.449076571285765 1  
46.45766071601502 0.5582291729988698 38.492791761290874 1  
25.88352567366506 0.7213227352282211 38.24141051394291 1  
42.63614219287324 0.16989814625000987 37.33652502812019 1  
45.22311103711013 0.8976457790604881 34.214769994140696 1  
38.439525319317056 0.8866512748583271 35.54457932328677 1  
42.15590305438403 0.22312274153352185 28.944480407755698 1  
31.614608565612585 0.013980803051045765 33.630636434873885 1  
29.17026251125046 0.2922036963086432 32.847968831478745 1  
27.60439640846214 0.3074116948964031 34.214769994140696 1  
45.13688412968024 0.5180164237075242 33.740786648338805 1  
49.919032081989 0.3450558097571583 34.50380598193238 1  
34.44260622727693 6.025665617537257E-5 26.345097579498784 1  
45.00130027611761 0.16274393735056347 30.728686528270064 1  
29.210489342794265 0.4960000577877148 39.12970671039471 1  
29.210489342794265 0.4299213521076722 37.37810983598311 1  
42.13717453834545 0.2866581863040978 29.200400704675296 1  
34.53553161010994 0.06779294419893794 31.365849381385573 1  
38.31287074132887 0.5180164237075242 33.740786648338805 1  
45.26353870583444 0.8866512748583271 35.54457932328677 1  
46.171950293785635 0.3073251576138729 34.2053611498415 1  
45.89333528245392 0.12114452651519365 31.865242013931244 1  
38.439525319317056 0.22498882986735802 37.435993243338416 1  
25.62819662326981 0.23440294254257102 34.214769994140696 1  
46.45766071601502 0.6106204144461965 38.492791761290874 1  
34.5170732963371 0.2699546029472309 35.788773037110786 1  
45.22311103711013 0.3081843034455843 33.63077130171198 1  
42.63204278265362 0.278563513052296 37.3534141049447 1  
26.838503024717344 0.1395000580902105 33.23296616750092 1  
42.19689190477083 0.3169544106169788 34.53125933340352 1  
38.6071602168097 0.7957256874992995 35.54457932328677 1  
