45.881130546772695 0.0039384498032922766 24.45275164053521 1  
49.38140283605681 0.897329251120794 38.97609942450543 0  
49.38350284788639 0.8789062063636774 37.154896141174035 1  
44.78941930759298 0.40837719986477106 36.125146067477836 1  
39.66815570842507 0.5632341722980058 31.8624106170662 1  
48.26876348678509 0.5808459313780009 38.16230724430255 1  
37.431440986306704 0.07953203697598804 22.34631170797439 1  
45.66308624401151 0.7932924580970666 32.88118646169473 1  
41.68121013790238 0.5206384333195903 38.740653491818016 1  
30.950176579131906 0.22120845091082042 30.149638049134932 1  
29.64642467399551 0.3321947579247717 27.609955168954684 1  
27.45214463435427 0.22880706583841043 33.16030497512138 1  
30.398670596887847 0.4894790588251563 30.365091406546473 1  
38.135422898762755 0.7592056829438906 34.40303479263119 1  
20.56153588879178 0.2547857255252298 25.519804831713895 1  
48.14259818641372 0.2282675562136437 33.56358100917619 1  
27.45214463435427 0.08303187241775845 33.90666086810006 1  
27.9367112159504 0.39370564474154246 29.809992036288516 1  
48.42183788180614 0.31613510526700495 36.42606499355115 1  
48.789409743113154 0.297149140823846 37.0151552355872 1  
37.508112682567074 0.16182023673691803 33.347622601502124 1  
38.13331863693644 0.476136766077218 30.365091406546473 1  
48.10310328057751 0.2525453336623572 37.0151552355872 1  
38.05491995816012 0.17461210952321438 27.113695559040757 1  
38.05569870686314 0.16182023673691803 27.09900553647847 1  
44.84451137473507 0.39705782682693025 31.478555738199287 1  
39.25488044169877 0.3321947579247717 38.63974815273062 1  
39.82295417638706 0.10958548714189326 21.228921998264845 1  
46.226531226596315 0.10822351359800686 33.68929217932969 1  
41.68121013790238 0.2593412270645917 38.74042951855853 1  
45.53143735476375 0.2508147141664033 26.23030915051409 1  
46.226531226596315 0.10172134825286061 34.30508349866686 1  
48.92872309662795 0.235640918820055 33.54270083311406 1  
27.97825042066389 0.3839827973571004 30.2371288697382 1  
37.796410354964685 0.10021827706626175 31.51254685067253 1  
39.66815570842507 0.5632341722980058 33.84210819425067 1  
27.823862859784583 0.3461460279545393 26.124563242981548 1  
37.796410354964685 0.10021827706626175 31.684879480231533 1  
39.24753689120619 0.1147897168612137 39.05885718314189 1  
42.219659601594735 0.2547857255252298 38.29578044641407 1  
44.708759902920605 0.7271781561723833 35.523104782697885 1  
39.013053143955275 0.09651035995104629 21.316268477902458 1  
44.719020249635584 0.7267652248419215 35.523104782697885 1  
39.24753689120619 0.10036709318431263 21.316268477902458 1  
41.68121013790238 0.505967483146443 38.740653491818016 1  
45.881130546772695 0.10701499881568546 33.834209307846216 1  
41.624376145718365 0.505967483146443 38.740653491818016 1  
39.24753689120619 0.10036709318431263 21.190611784326823 1  
27.551216524780962 0.34866631075921023 26.157504929649942 1  
39.013053143955275 0.09651035995104629 21.316268477902458 1  
