0.0010228428722816624 0.11057541022486816 0.08219728197869464 1  
0.001230688708941071 3.0723997478386016 0.9618301847417648 1  
0.0013152513897717343 0.13312978657213248 0.1561493433590862 1  
0.0011136109863634773 0.136302312373562 0.11146896137471024 1  
0.0011136109863634773 0.1136217544750247 0.09226967045334195 1  
0.0011486463696500071 0.1358888965102336 0.2899993386106786 1  
0.0010226600824177427 0.13929596288382232 0.1711758148449975 1  
0.001260253699383586 0.15155573384979917 0.09435108144885102 1  
0.003438713522651787 0.12226642105482405 0.722812542257087 1  
0.0011221451871891066 0.136302312373562 0.1147812480980032 1  
0.0015902055170212326 0.12163885362316101 0.1327256407156005 1  
0.0010430122278107944 0.11784214598281184 0.2011546013539411 1  
0.0010032811553819698 0.1814909850034529 0.6769624184818758 1  
0.0010224246819322963 0.1108997053572183 0.23362518671892873 1  
0.0011559216093398703 0.1364932697688421 0.7683175151307226 1  
0.0014627017042268295 0.15062174424572278 0.13469285560997035 1  
0.0025023338351966686 0.1358888965102336 0.2899993386106786 1  
0.001000960179692078 0.12468530019422408 0.2732634827615092 1  
0.0010365253176519555 0.21402749787679137 0.7306746890488528 1  
0.001107914043547298 0.11401064458483416 0.13469285560997035 1  
