0.0010484273405269443 4.25347385707162 0.9443165583326905 1  
0.0010934847344646916 0.11346076439622987 0.08724371863214636 1  
0.0011297430000858344 4.25347385707162 0.9443165583326905 1  
0.0014775445853954167 0.22526170171466714 0.13035342075827702 1  
0.0029323741401743562 0.7251109513712675 0.23495710493102845 1  
0.0011638014944424467 0.18657116031841975 0.1289396600813137 1  
0.001022562615012512 0.1919390079469567 0.09667866471241014 1  
0.0011429752870334698 0.5078369270462816 0.2917450951806032 1  
0.0017236470963852431 0.2225608717548297 0.2628630378171092 1  
0.0012419719723317695 0.11181335901554226 0.11023125733626733 1  
0.0010583948186128035 0.16023850662132405 0.11289319642288789 1  
0.0010583948186128035 0.1781507830840825 0.09195077784765074 1  
0.0022423188790331597 0.22533451260215367 0.17888156074300035 1  
0.0031037653863392415 0.2222210992691141 0.17068732077985846 1  
0.0010347152775363809 0.3947745603189946 0.13854487657502645 1  
0.0010583948186128035 0.2642680121850516 0.19867100541584562 1  
0.001411299753416934 0.22526170171466714 0.24786999796222442 1  
0.001401548372885272 0.993379894351404 0.30078181357771316 1  
0.0010481016530511623 0.2240452348398498 0.11289319642288789 1  
0.0010583948186128035 0.2233849932260462 0.1141565865419665 1  
