0.002887029847236452 3.805260470421424 0.9805695742470617 1  
0.0026886316293085423 0.5679682688918395 0.09898308301530058 1  
0.09988104886092362 3.3275833841104285 0.8588480673117036 1  
0.002887029847236452 3.805260470421424 0.9805695742470617 1  
0.07719808442965857 2.0933585074097545 0.8090116242691228 1  
0.0852786299385876 1.8468050189028955 0.86165224303861 1  
0.0016096154871598231 0.716191980939778 0.2008395255343022 1  
0.0836386919241198 2.0965023494713075 0.8516229711663098 1  
0.0010459481120869418 0.6923005761997457 0.23659459411396636 1  
0.0010289719986167714 0.8547793726915364 0.8282709597204543 1  
0.0012752218832432877 0.8804411702272487 0.3098061676214735 1  
0.09045542898140971 2.753716465524357 0.822550346268828 1  
0.002953555808827638 0.6173358096133543 0.1425600496432905 1  
0.002953555808827638 0.6173358096133543 0.1425600496432905 1  
0.002888227794153998 3.975555963241589 0.10910192719530765 1  
0.0013617209904163968 0.42685737955838143 0.19254734695855596 1  
0.003885513511531418 0.9409684035069202 0.18557586599840586 1  
0.0848921287087734 2.6021308205086937 0.822550346268828 1  
0.0028161554375729717 3.3254430426438684 0.2489419733673458 1  
0.0028161554375729717 2.4558899307986617 0.24517135145073815 1  
