0.600788956591991 3.2074987347473414 5000  
0.9428154404737538 0.5021789569428481 5000  
0.962896733521026 0.502551151144187 5000  
0.5903821613228325 3.2074987347473414 5000  
0.7158408157237344 0.5313347185884133 5000  
0.6940132681566465 0.5740001053957128 5000  
0.8967508270034856 0.5042348306173667 5000  
0.8641477508891862 0.5012439823289263 5000  
0.60201147227515 0.5030501752475265 5000  
0.765079764812907 0.5012440658456785 5000  
0.8369142777920844 0.5016049096755281 5000  
0.788263021270218 0.5001140583741601 5000  
0.6567825479734584 0.5579449214790433 5000  
0.7208736891270472 0.6526611340945293 5000  
0.6018945931557871 0.7154141605036703 5000  
0.5531800956706467 0.7546359366937375 5000  
0.6474065122245496 0.726187517580777 5000  
0.7930993961032851 0.5898928409561705 5000  
0.6590101113575965 0.5579449214790433 5000  
0.6925240360937296 0.7688475566000246 5000  
