1.0532809311511726 3.896336332018994 5000  
0.9449199338358358 0.5006311212953718 5000  
0.9583068545635427 0.5004068707028198 5000  
0.5312059424394354 3.647225075320497 5000  
0.8466467879908741 0.5026027261595243 5000  
0.7908322819261175 0.6391175665289595 5000  
0.6895232129666888 0.501824023527187 5000  
0.6584836130034397 0.5152070871420737 5000  
0.9365623762657487 0.568580415571249 5000  
0.6676646835406512 1.0395241519389526 5000  
0.6455279879804343 0.5642055336341718 5000  
0.5558956499543244 0.501824023527187 5000  
0.8054712043613576 0.5029098867438895 5000  
0.6333274667426187 0.5896489083722363 5000  
0.7072447180163738 0.5109854418333334 5000  
0.7881056602673289 0.5177521278222108 5000  
0.5558956499543244 0.5277894396522865 5000  
0.6809457475209288 0.5896489083722363 5000  
0.7488873958731314 0.5012167529920919 5000  
0.7772379479922491 0.5180163315039663 5000  
