0.688911220539113 2.670465407892307 5000  
0.9484696817240484 0.5000557535930488 5000  
0.9484696817240484 0.5000557535930488 5000  
0.6942732257683427 2.739193607758083 5000  
0.6939311708280503 0.7423318834095389 5000  
0.801886532829978 0.5031537304298146 5000  
0.6939311708280503 0.6311363038045985 5000  
0.9083672657557995 0.5570728939659819 5000  
0.757257320877514 0.5186380379646752 5000  
0.8474508050285111 0.5031712723079492 5000  
0.6930385524749594 0.5006438630113487 5000  
0.7335906919746946 0.5000493181144543 5000  
0.7257690144713811 0.6311363038045985 5000  
0.7257690144713811 0.5006438630113487 5000  
0.8474508050285111 0.5031712723079492 5000  
0.788870644583618 0.5031307832247569 5000  
0.5602603968716853 0.6311363038045985 5000  
0.6077717329441843 0.9442847828907686 5000  
0.719253344956293 0.5426252357784316 5000  
0.7078982024158171 0.6355241565988494 5000  
