0.31789999999999985
0.10160000000000036
0.050900000000000056
0.052200000000000024
0.38560000000000016
0.49129999999999985
0.03249999999999997
0.03739999999999999
0.5653000000000006
0.03170000000000006
0.7137000000000002
0.9419000000000004
0.7513000000000005
0.042100000000000026
1.8647
1.8020000000000005
0.0695
0.062100000000000044
0.3073000000000006
0.12380000000000013
0.046699999999999964
0.4773000000000005
0.4256000000000002
0.04710000000000003
0.25430000000000064
0.37760000000000016
0.1413000000000002
0.05219999999999991
0.058400000000000674
0.36410000000000053
