0.001754212624862008
0.0018837250786723544
0.002309714044704265
0.001775334820985454
0.0019994379123057615
0.0018199601084935826
0.0020142120016928473
0.002325264004994603
0.0018682922160417315
0.001768603321576611
0.001990660733394236
0.002180197410298271
0.002967543092789894
0.0026252823984404894
0.00331484164025535
0.00359706485914544
0.002029636278672918
0.0019246076784912576
0.002156737009403823
0.0022675615852657417
0.0018522758407160317
0.0017904107666304554
0.0017418984726195838
0.0019113626322368286
0.0018463691324023962
0.00206332749498904
0.002046896766751733
0.001841880063982503
0.001976854500234493
0.002092059132313238
