1.2489000000000008
0.028999999999999915
0.9154
0.4305000000000003
1.5141999999999998
1.5098000000000011
2.5245000000000006
1.4150999999999998
0.05480000000000018
0.9666000000000006
0.1687000000000003
0.0484
0.043399999999999994
0.23790000000000067
0.36960000000000015
0.9646000000000008
1.2489000000000008
0.028999999999999915
0.9154
0.4305000000000003
1.5141999999999998
1.5098000000000011
2.5245000000000006
1.4150999999999998
0.05480000000000018
0.9666000000000006
0.1687000000000003
0.0484
0.043399999999999994
0.23790000000000067
