0.26542043825062567
0.2566422943737677
0.25928378522390716
0.29809541980894133
0.24697164598271043
0.24143739995845537
0.24588676457618344
0.26321178785312854
0.25794935601096386
0.2648243896160259
0.2483829437531525
0.25145071118948953
0.2570911395394355
0.2577920710234041
0.28891401518697357
0.2776751829469249
0.26542043825062567
0.2566422943737677
0.25928378522390716
0.29809541980894133
0.24697164598271043
0.24143739995845537
0.24588676457618344
0.26321178785312854
0.25794935601096386
0.2648243896160259
0.2483829437531525
0.25145071118948953
0.2570911395394355
0.2577920710234041
