0.003748966050670163
0.003401907028802243
0.0031552280819546947
0.0037605978681917902
0.0034534809345464425
0.0035998642725967663
0.005313366479522718
0.003760934637146519
0.0039714228027869815
0.0040358560011315575
0.004077721206816637
0.00433391517223537
0.0031970212972787884
0.0030346855173233383
0.003940252142868669
0.003682413922452807
0.003748966050670163
0.003401907028802243
0.0031552280819546947
0.0037605978681917902
0.0034534809345464425
0.0035998642725967663
0.005313366479522718
0.003760934637146519
0.0039714228027869815
0.0040358560011315575
0.004077721206816637
0.00433391517223537
0.0031970212972787884
0.0030346855173233383
