0.18050000000000033
0.17319999999999958
2.9913
0.18079999999999963
0.04540000000000011
0.10559999999999992
0.05130000000000001
0.035600000000000076
0.03839999999999999
0.04090000000000005
0.061000000000000054
0.7899000000000003
0.05279999999999996
0.05369999999999997
0.16139999999999954
0.0373
0.0504
0.09450000000000003
1.7183000000000002
1.3511999999999995
0.17520000000000024
0.11699999999999999
0.15090000000000003
0.05279999999999996
1.4664000000000001
2.2565
0.2576999999999998
0.06740000000000101
0.03860000000000008
3.3503999999999996
