0.29408119429875085
0.2913879310177106
0.24358143176132518
0.2885410834732897
0.29507615007573373
0.284885738838202
0.28868403314608587
0.3005326103525985
0.27441583540432885
0.276993506049841
0.2886768596932697
0.31036915111832813
0.2861893829773505
0.2723049458036699
0.28011894325529335
0.3029679358536822
0.2793128813070663
0.3054759750485938
0.27237620777796656
0.2702230395067333
0.2980548060905653
0.30433851235198534
0.2620059152930508
0.28588390883291576
0.26923742411875845
0.26908104710460773
0.29542059501368734
0.2732238459518333
0.2775395484267602
0.23871689415870925
