0.002571212477386696
0.0018449267935069214
0.007845403890961456
0.0022045293046758846
0.002718679398095846
0.0018875790850417975
0.002441104171502764
0.0024411107616588196
0.002111165704530897
0.002023135529502827
0.0031758518110500712
0.002913598424375789
0.0020427620449313347
0.001824977291999619
0.0020232343962092994
0.002838283344339592
0.0022680865607471188
0.0024955441930431294
0.004231634917448254
0.003171902008935083
0.0019559422636122145
0.0021491570448596135
0.0019148884552374033
0.0022735029521518068
0.0035323353011508345
0.005431515593248609
0.0020123323204063515
0.0018830137337245375
0.0020952800524609303
0.008764006678029089
