0.013499999999999956
0.017199999999999993
0.06930000000000014
0.8967
0.00539999999999996
0.4488000000000003
0.018200000000000216
0.7359
0.7127000000000008
0.04750000000000032
0.31540000000000035
0.0954000000000006
0.008199999999999985
0.26259999999999994
0.01660000000000006
0.016599999999999948
0.013499999999999956
0.017199999999999993
0.06930000000000014
0.8967
0.00539999999999996
0.4488000000000003
0.018200000000000216
0.7359
0.7127000000000008
0.04750000000000032
0.31540000000000035
0.0954000000000006
0.008199999999999985
0.26259999999999994
