0.27567163223095204
0.26530237058050815
0.27650312931250737
0.25759699761910304
0.26948625154346845
0.2777796118328113
0.29164410346220804
0.2627705041792888
0.2725911344377853
0.2672496103020473
0.25647040891344197
0.29963507959491387
0.29035060255978135
0.2400294796361852
0.24823343036086196
0.26919621943837224
0.27567163223095204
0.26530237058050815
0.27650312931250737
0.25759699761910304
0.26948625154346845
0.2777796118328113
0.29164410346220804
0.2627705041792888
0.2725911344377853
0.2672496103020473
0.25647040891344197
0.29963507959491387
0.29035060255978135
0.2400294796361852
