0.004325597346712885
0.00475049946594697
0.004456612859566373
0.003927974029655994
0.003821677041917871
0.004218567307965895
0.005593314721421971
0.003783332071207522
0.003786765844070209
0.0037808656350765356
0.0036532784973094846
0.0053304495872055204
0.004556542427538917
0.0031737342342016265
0.003628059329781583
0.004613220751712058
0.004325597346712885
0.00475049946594697
0.004456612859566373
0.003927974029655994
0.003821677041917871
0.004218567307965895
0.005593314721421971
0.003783332071207522
0.003786765844070209
0.0037808656350765356
0.0036532784973094846
0.0053304495872055204
0.004556542427538917
0.0031737342342016265
