0.001033259434335784 0.19275220421780065 0.08118916642262515 1  
0.001044578506073212 0.13870242228011964 0.08676155587388223 1  
0.0010174386329013145 3.6813009971744544 0.9889006081470447 1  
0.0010147245485337397 0.19275220421780065 0.10355079742342563 1  
0.0010385193280058247 0.16716373221994452 0.09191066919294383 1  
0.003815500597720709 0.3161244050761841 0.27270804171280444 1  
0.001044578506073212 0.35415471103231877 0.1836811717677344 1  
0.0010081019704011893 0.13643086219657663 0.15798552443653732 1  
0.00104015366552585 0.20102671720899754 0.2044749254681799 1  
0.003794979813418145 3.5630701419260618 0.3493281713126379 1  
0.0010232460717997688 0.1471799336532933 0.1225909358779316 1  
0.0011922091593360078 0.1655812369465962 0.16253119560052984 1  
0.0010002296201237462 0.1471878719222019 0.12518386665825046 1  
0.001044578506073212 0.14238206736563036 0.1836811717677344 1  
0.003815500597720709 0.44780263121627306 0.27419631547603757 1  
0.0010232460717997688 0.13874846797925855 0.1979388525849628 1  
0.0037611384093970907 0.41043975256125464 0.36392866320791145 1  
0.004351529273810727 0.41043975256125464 0.3577761208258839 1  
0.001022769316722212 0.1584250707194736 0.20057586338879946 1  
0.0010069380943823212 0.34362726339586813 0.27270804171280444 1  
