0.001304825257610259 4.886957407900404 0.9938248996527429 1  
0.0014763366744366844 0.11619133544494369 0.07916876316288089 1  
0.0013115221836730285 4.903275725250363 0.9938248996527429 1  
0.0010331733039452766 0.11468109402857768 0.28502527026982205 1  
0.0011211087420035814 0.10176913899166179 0.17877021270692361 1  
0.0018283157171836587 0.10772053711171574 0.12364159055936808 1  
0.0010325664066264946 0.11557801687374092 0.08610551357377093 1  
0.001343499723344381 0.10785021216601778 0.15884942867133034 1  
0.0010535685950915517 0.11624535360586745 0.09675570747364182 1  
0.0014634191533188067 0.1009503179659868 0.2119506176599067 1  
0.0011186197561564599 0.10450553927868556 0.10682247796914604 1  
0.001143479352718084 0.10138136886930331 0.13367763055809662 1  
0.0010114806766437492 0.10793135129894188 0.4133911575607266 1  
0.0010010216175438884 0.22062762089492738 0.4188574872895317 1  
0.0010109181677985949 0.15776350816043316 0.4228691688885613 1  
0.0018488093656040174 0.10449352198143969 0.10551208409326182 1  
0.0010095240969401574 0.10258130453909547 0.2263063909086454 1  
0.0010114806766437492 0.24648477337136668 0.4425442750560256 1  
0.0010114806766437492 5.029959971585029 0.4237079328065176 1  
0.0010232598448777057 0.21017002229246534 0.2662991869022629 1  
