0.0018363202074285494 4.028675574116064 0.9990376460792556 1  
0.020590054389143603 0.4711433030931125 0.2951624405040875 1  
0.08584420385948077 2.5590960661299063 0.7954810149244265 1  
0.0018363202074285494 3.995975480296084 0.9977068507779817 1  
0.02296350516870771 0.4996458053816475 0.34587234535118283 1  
0.020590054389143603 0.6466039502331935 0.41253244997630467 1  
0.019327289876894967 0.4580597204594825 0.4098007619794525 1  
0.020293200149729424 0.48625152467032273 0.34561285485140486 1  
0.01419650217688157 0.47160898430143305 0.6600780198902592 1  
0.018788467016957733 2.531583528020422 0.4390550468018574 1  
0.01419650217688157 0.29177271623728396 0.6600780198902592 1  
0.0144025589358817 0.27848500346795413 0.6477253776973507 1  
0.020590054389143603 0.7965702298764907 0.316630796883708 1  
0.008918793208406358 0.45715071742595925 0.4078594099290624 1  
0.012904274338731841 0.47160898430143305 0.6600780198902592 1  
0.013718273582018473 0.7329305686953183 0.6423692624810357 1  
0.018534605673066834 0.549147571091035 0.5442440662049752 1  
0.0017817300266811508 4.028675574116064 0.34688677378946486 1  
0.019327289876894967 0.7953603616233599 0.41181509418403667 1  
0.019327289876894967 0.3872286058901573 0.4098007619794525 1  
