0.0013025642112764787 0.10526892957305947 0.07985260156640503 1  
0.001055459483571199 3.6467900303033938 0.9991516589693153 1  
0.0013257212523684508 0.10381546615662055 0.13674331764097586 1  
0.0022683927679039363 0.10074836843226775 0.3324646105089654 1  
0.002022563201867043 0.20617105210145054 0.29721531442348165 1  
0.0029407336450383665 0.10649153403671024 0.2403862166462012 1  
0.003533330822605059 1.2562013880799945 0.3319214850623735 1  
0.0010260088696338273 0.10435193039090498 0.09861376431385332 1  
0.001244068710099594 0.10649153403671024 0.08867307069624732 1  
0.0013257212523684508 0.10034916951818382 0.26855896290392034 1  
0.0010920845157960128 0.1004748054346435 0.15680586860561982 1  
0.001018063481072885 0.10453431648397239 0.12249749309417614 1  
0.0010331528413435101 0.10314254028070816 0.10896864593475095 1  
0.0013056946635046068 0.10528253079380939 0.08207813552922003 1  
0.0013752942435388451 0.10525647520413652 0.09331425702300773 1  
0.0010526435195011316 0.10027509602163659 0.17306435338928783 1  
0.0010909522536473994 0.10314254028070816 0.10896864593475095 1  
0.002950370541835224 0.32710236054781733 0.30092016931444815 1  
0.001055459483571199 0.10888841544948008 0.12249749309417614 1  
0.003533330822605059 1.2562013880799945 0.30092016931444815 1  
