0.09999385065921336 2.689020675368336 0.8932160777666799 1  
0.001320871616381676 3.6626250518519443 0.9968011417215267 1  
0.0010491101750533481 0.881689735464915 0.09747377367020751 1  
0.0012501626889427964 3.6626250518519443 0.9821654371014694 1  
0.09474684658237459 2.551762975796626 0.9875242513910744 1  
0.0022665801164973606 1.3516074340559143 0.11566862504335343 1  
0.0010921347861601691 0.8897625491240045 0.17468017345576742 1  
0.0026776072253322037 0.5956649693617747 0.14947400390528748 1  
0.09835792693483791 2.689020675368336 0.9204558261842778 1  
0.0010554506304515498 0.881689735464915 0.11076099145970325 1  
0.0012515528143887335 3.4417423371882063 0.18933408822680842 1  
0.002712584502867855 1.7826316007180911 0.20227851832154037 1  
0.007149110429818778 2.691849812749906 0.27352753979192584 1  
0.09789308360215987 2.5507994119187853 0.997905939771011 1  
0.09553691088253807 2.677267784943772 0.9204558261842778 1  
0.001359397510195788 2.9587667743851735 0.31498795152183656 1  
0.001320871616381676 0.40052957744685524 0.9551574968562666 1  
0.0016467410105273105 1.3108642283316407 0.275913690453703 1  
0.0018642523534659363 0.6074250371368075 0.14947400390528748 1  
0.007985523932354013 2.499325723082987 0.3051686029468719 1  
