0.0010014624102686288 2.722168409899311 0.9918008136080161 1  
0.001010184983206261 0.11299498664334248 0.07472231114476585 1  
0.0010014624102686288 2.722168409899311 0.9918008136080161 1  
0.0011192017952925228 0.11387971013031103 0.08612949017034316 1  
0.0011265867170364235 0.20362212663939214 0.27410979699598803 1  
0.0010324368187054364 0.10791763828862269 0.11037937200070452 1  
0.0010801641739191803 0.10814538330074977 0.11037937200070452 1  
0.0010109824174262968 0.12745189081826513 0.22031863163194743 1  
0.0010188028684828502 0.1260200122641161 0.19404626929874297 1  
0.0011193850967482501 0.11303963677904222 0.14035044184092949 1  
0.0011192017952925228 0.11384007628041834 0.09422694656636153 1  
0.0011012626435711705 0.1129296366625351 0.13178183569347657 1  
0.0010314385320871666 0.11099730986334766 0.9667534572006653 1  
0.001408843540045176 0.10548312638348017 0.2786805408220374 1  
0.0010272526862342465 0.11384007628041834 0.09422694656636153 1  
0.003209726225680034 0.20347799065319744 0.27410979699598803 1  
0.0010314385320871666 0.1354768008798285 0.16779383399578196 1  
0.0010014624102686288 0.17751020691886188 0.9918008136080161 1  
0.0010103194148102376 0.1129296366625351 0.13178183569347657 1  
0.0010109824174262968 0.11104033981166314 0.22031863163194743 1  
