0.0029445867752173624 4.996194659936492 0.9983035061859911 1  
0.0010066392422980028 1.480076081353164 0.0962684549176594 1  
0.09968259748685292 3.2600397773010603 0.8686434562370954 1  
0.0029260102874171337 4.969264045391713 0.9983035061859911 1  
0.08448493652779979 2.346026862566274 0.889192270066629 1  
0.0010304717417333486 1.542835288659534 0.0962684549176594 1  
0.08829933823901444 3.181383822933841 0.8756717157379313 1  
0.09837132479351178 2.388760108417973 0.9859277506335966 1  
0.0010611011943495476 1.125775895660949 0.2526728402295364 1  
0.0036450294213505553 1.2179893559671038 0.20543904018924247 1  
0.004218768181834457 2.036952163315985 0.14851729044942508 1  
0.003012170858592813 1.2169318174709012 0.17525281546865737 1  
0.09297248995859723 3.22984616911929 0.8603354978282332 1  
0.09372027847014613 2.482892329284691 0.883468026722928 1  
0.0029474516545845344 1.6003347672644423 0.10971818865626642 1  
0.0011988880237189282 1.105855758926625 0.27922362347091606 1  
0.004218768181834457 1.480076081353164 0.1319149529831946 1  
0.003653884646074151 0.9562892628102546 0.13236377185301285 1  
0.0010372946186201274 1.124681787393692 0.352084304779586 1  
0.002708890634982282 3.873676889365921 0.17822666534023462 1  
