0.00124734040351317 0.11293314913803877 0.08497929253236118 1  
0.0013520916291675136 5.085765464056027 0.9968254514807292 1  
0.0010841307319371491 0.11860044598754742 0.08497929253236118 1  
0.001216991858418707 0.9276194565310842 0.3109388799178953 1  
0.003430600741114241 0.2667534866824307 0.21066095638227367 1  
0.00124734040351317 0.11287894185507714 0.17506252205130246 1  
0.001041669482603364 0.16935430344758678 0.09673702332305006 1  
0.0011727705748608471 0.11489794322256774 0.11791507154540527 1  
0.0022399369178304016 0.26520875833799595 0.29814416487060114 1  
0.001026072320742258 0.40990342182164585 0.21043382649920062 1  
0.001238255208425111 0.25098110131322054 0.1286235079436148 1  
0.0016237061554177207 0.26513191998354346 0.15711946756370476 1  
0.0012335134376792612 0.26675605458224005 0.20455230319354029 1  
0.001211369632198242 0.2924010999882407 0.1600272281523035 1  
0.0011406510696547912 0.10324620997911273 0.15032755533481434 1  
0.0010888204278104226 0.10324620997911273 0.10854806730503626 1  
0.00124734040351317 0.10150477213728039 0.15156397706572694 1  
0.007985457390174006 0.44935556429158374 0.9514226001568205 1  
0.0017094492228584496 0.13405978352630465 0.1287364101679102 1  
0.0012331211978019107 0.2667534866824307 0.20455230319354029 1  
