0.0016448914906236226 5.087723785279151 0.9928041791449698 1  
0.0010554625392798702 0.45171008931698553 0.10548223336975919 1  
0.07894402429813555 2.2345368864718225 0.7337791802066445 1  
0.0016472285975552027 5.087723785279151 0.9928041791449698 1  
0.06967867437741336 2.080230596344077 0.7133948307966667 1  
0.002355845581290693 0.45171008931698553 0.10548223336975919 1  
0.07472290139886219 2.2345368864718225 0.7195307505608293 1  
0.0010053675742587084 0.5450524174664672 0.19082668383277201 1  
0.07120154230899317 2.080230596344077 0.7115666197296315 1  
0.0023882953421634112 0.6658479652402571 0.2381282878507289 1  
0.0032756333107822957 0.321277536957285 0.17178964196359853 1  
0.002355845581290693 0.45171008931698553 0.22503859183216446 1  
0.0023938227720785204 0.45171008931698553 0.17178964196359853 1  
0.0030326899957140163 1.94089443953152 0.19023981658340178 1  
0.0016122447878294754 0.7359641245269766 0.13703246318574594 1  
0.0016503064203574097 1.6858139138885009 0.3506844750902813 1  
0.002355845581290693 1.672437556460208 0.10548223336975919 1  
0.0012511243812508902 0.4557003802483729 0.2824186690278705 1  
0.0012511243812508902 1.6764267959655266 0.2824186690278705 1  
0.0010847643330017089 0.5713291861524575 0.12639013035305044 1  
