0.46809999999999974
0.07189999999999996
1.2250999999999994
0.8327999999999998
0.09330000000000016
0.5537999999999998
0.6463999999999999
1.0511
0.6324999999999994
1.5518999999999998
0.05920000000000003
0.7250999999999994
0.5464000000000002
0.04699999999999993
0.7871999999999995
1.2337999999999996
0.46809999999999974
0.07189999999999996
1.2250999999999994
0.8327999999999998
0.09330000000000016
0.5537999999999998
0.6463999999999999
1.0511
0.6324999999999994
1.5518999999999998
0.05920000000000003
0.7250999999999994
0.5464000000000002
0.04699999999999993
