0.2827686796254929
0.28236287321490783
0.28845881516764044
0.31841474279535065
0.31107217814261556
0.30001180935944494
0.2690338333096565
0.285926375491493
0.2780943791209627
0.2831837135013477
0.31250922676366805
0.2854065560018178
0.27944935157130985
0.2851498259157852
0.32044077760590717
0.2879472240624455
0.2827686796254929
0.28236287321490783
0.28845881516764044
0.31841474279535065
0.31107217814261556
0.30001180935944494
0.2690338333096565
0.285926375491493
0.2780943791209627
0.2831837135013477
0.31250922676366805
0.2854065560018178
0.27944935157130985
0.2851498259157852
