0.002906233838136211
0.003617236777165882
0.004175767001347282
0.003653907838326303
0.0037402061258477314
0.0027913849083327264
0.003062047194317211
0.006302367231943148
0.0023175821546013707
0.0031696944896001493
0.004330225838232705
0.004855718202462655
0.0026721281651647323
0.0028063172213723293
0.003342824096618791
0.002913229168085925
0.002906233838136211
0.003617236777165882
0.004175767001347282
0.003653907838326303
0.0037402061258477314
0.0027913849083327264
0.003062047194317211
0.006302367231943148
0.0023175821546013707
0.0031696944896001493
0.004330225838232705
0.004855718202462655
0.0026721281651647323
0.0028063172213723293
