3.9813097803436053 0.5017533327433239 5000  
0.9589369398301577 0.5000015658479523 5000  
0.9589369398301577 0.5000258650169079 5000  
3.9813097803436053 0.5002498124001438 5000  
1.395851011134615 0.5509436839139792 5000  
3.3743754474176026 1.8401102626842043 5000  
1.2811306395375468 0.5001217632684596 5000  
1.8666272616816588 0.5016784725197513 5000  
1.1011611181216798 0.5006366697895612 5000  
1.1788935191595304 0.5045650541644807 5000  
1.0691553694841693 0.5624872880720898 5000  
1.6601100297533868 0.5012722711484584 5000  
1.240567670660878 0.5399944841524444 5000  
1.1448378376603852 0.5005807856311231 5000  
1.4473203462124558 0.5031875110754965 5000  
1.0653726611812067 0.5002533459119316 5000  
1.5759200867488934 0.5317037830407665 5000  
1.5095163403448049 0.5270422869861449 5000  
1.8666272616816588 0.5013402229496391 5000  
1.5759200867488934 0.501662568729494 5000  
