3.810031238743029 0.5000472004434576 5000  
0.9776397798528628 0.5000055486642672 5000  
0.9776397798528628 0.5000132517512046 5000  
3.810031238743029 0.5000134501378654 5000  
1.175340393896545 0.5000133227622299 5000  
2.280640425374943 0.5000133227622299 5000  
1.112024976425669 0.5000133227622299 5000  
2.0038769700529926 0.5000010708771402 5000  
1.7420942341623151 0.5073375631601729 5000  
1.5232821429718935 0.511071181885455 5000  
1.0329165176385722 0.5000000079232723 5000  
1.2903606245738874 0.5000366018172813 5000  
1.3550470507688108 0.5023144510362137 5000  
1.1545607902876749 0.7148895128683526 5000  
1.508073430792409 0.7067013907493176 5000  
1.508073430792409 0.7067013907493176 5000  
1.271907009423039 0.5000052479876014 5000  
1.3982081764929766 0.5727895816829824 5000  
1.6249011637769504 0.6881120914142295 5000  
1.6607789516439577 0.5000132517512046 5000  
