-308.2839 3.83555 
-343.15115000000003 6.4717 
-379.39905 36.045950000000005 
-382.29685 44.093900000000005 
-246.85755 0.3989 
-382.75065 48.8013 
-340.68465000000003 5.412050000000001 
-220.801 0.12385 
-382.75065 48.8013 
-296.75025 2.2619 
-368.35595 18.1682 
-337.8254 5.1005 
-382.3604 44.55715 
-229.0673 0.18255 
-331.55255 4.6901 
-369.64465 18.93965 
-256.27790000000005 0.47805 
-383.07005000000004 56.58925 
-376.03895 20.685299999999998 
-383.02660000000003 54.655199999999994 
-382.92674999999997 54.246300000000005 
-383.24064999999996 63.163850000000004 
-246.85755 0.3989 
-340.42915000000005 5.3794 
-260.70705 0.6398999999999999 
-383.24064999999996 63.163850000000004 
-383.1472 59.80665 
-238.1303 0.21889999999999998 
-364.32245 12.056750000000001 
-366.7542 13.963799999999999 
-383.19925 61.7893 
-383.21385 62.10855 
-259.72889999999995 0.5104 
-321.94259999999997 4.35205 
-345.22735 9.63145 
-260.37669999999997 0.5618 
-337.87980000000005 5.13075 
-377.5565 22.834600000000002 
-365.17165 13.12955 
-382.92719999999997 54.25315 
-380.66185 40.32485 
-268.38685 0.74375 
-381.23879999999997 42.79725 
-371.04255 19.67275 
