-168.69355000000002 0.0085 
-383.0006 77.56985 
-226.9384 0.24780000000000002 
-382.92454999999995 67.9513 
-271.27525 0.73065 
-382.92845 55.09025 
-366.81765 21.5636 
-365.47125 12.052050000000001 
-378.96540000000005 34.04145 
-180.85065 0.00935 
-206.4478 0.0115 
-345.99649999999997 8.0047 
-196.0001 0.0095 
-356.3166 9.846599999999999 
-378.97595 27.07685 
-299.21124999999995 2.05675 
-376.24075000000005 23.3294 
-382.8125 52.20975 
-382.644 49.1199 
-313.09270000000004 3.15855 
-380.572 37.75465 
-307.2491 2.7818 
-331.8195 4.5421 
-325.6444 4.16845 
-376.71025 24.09095 
-381.52930000000003 40.7496 
-203.56465 0.009800000000000001 
-274.43495 0.81175 
-378.7068 26.48525 
-334.8526 6.01285 
-382.41705 46.10055 
-279.7123 1.3712 
-286.3503 1.59235 
-381.2231 37.89005 
-340.29585 7.1295 
-359.77329999999995 10.93605 
-319.04825 3.9682 
-291.2126 2.0495 
-382.41095 43.87935 
-282.01189999999997 1.56155 
-308.2229 3.06265 
-321.73220000000003 4.12365 
-363.1385 11.903649999999999 
-361.40215 11.2616 
-290.3224 2.0374499999999998 
-339.64425 7.0448 
-382.54965000000004 47.386849999999995 
-332.7337 5.678699999999999 
-382.54965000000004 47.386849999999995 
-381.92935 42.91995 
