-382.8817 53.4551 
-333.06460000000004 7.29375 
-379.0357 25.36345 
-269.9501 1.448 
-383.12149999999997 56.34415 
-307.7107 4.21815 
-382.48985 48.708200000000005 
-327.81600000000003 5.572100000000001 
-364.83015 13.5277 
-206.9875 0.0158 
-380.4839 38.66375 
-383.18444999999997 59.375299999999996 
-382.85479999999995 49.0818 
-381.66895 39.59365 
-254.5992 0.6904 
-338.9647 7.4906 
-379.4945 26.018250000000002 
-325.01865 5.424799999999999 
-240.04495 0.37075 
-359.3431 11.675650000000001 
-246.03635 0.569 
-383.14639999999997 57.93215 
-380.11785 27.261899999999997 
-350.17975 7.9540500000000005 
-204.6402 0.0091 
-383.02825 53.8844 
-383.24595 64.36165 
-383.25509999999997 64.5544 
-202.77614999999997 0.0045000000000000005 
-327.81600000000003 5.572100000000001 
-373.70635000000004 16.688850000000002 
-364.312 13.32225 
-383.12149999999997 56.34415 
-382.04255 41.633449999999996 
-236.82170000000002 0.32520000000000004 
-308.23615 4.2492 
-382.85479999999995 49.0818 
-383.17409999999995 58.9364 
-383.37905 66.10235 
-362.5883 12.7426 
-269.29560000000004 0.7457499999999999 
-307.23249999999996 2.11605 
-370.49545 14.7196 
-282.57075 1.5657 
-238.3297 0.3657 
-382.04625 41.661950000000004 
-381.56444999999997 39.10495 
