24.273329887159232 0.2654492646839237 28.236267644220625 1  
43.34287257278517 0.26720854427234375 34.888025989741124 1  
23.097989105178556 0.725111974993523 35.85292119186219 1  
33.81512123645673 0.650222233801679 38.215717225463386 1  
25.235932809187762 0.07445321561849638 36.46221106091886 1  
49.78411202663581 0.6624142831177718 34.653309730801055 1  
49.094641471493915 0.23644618051432853 37.34985124307704 1  
39.20353902496785 0.059246735191254674 21.093567019400187 1  
49.78411202663581 0.6624142831177718 34.653309730801055 1  
41.921730357088556 0.2048966671742536 27.996022882810525 1  
25.051986730520337 0.42302720461103216 38.487127367018246 1  
49.094641471493915 0.23644618051432853 36.33580865184525 1  
34.22017242548033 0.650222233801679 38.472394353815226 1  
25.235932809187762 0.05852868322900423 28.827935557515982 1  
43.34287257278517 0.2378377411397285 34.83149776800565 1  
25.632085737248097 0.4279465710189718 38.421920257397105 1  
43.78043832644577 0.08926750032236162 34.86779949208249 1  
46.79620955145502 0.784130310511016 36.50264723431146 1  
42.48785332800542 0.37690989919613394 38.421920257397105 1  
43.60548015751978 0.746030056894537 38.33480141443537 1  
38.967658110305855 0.7864736174781032 37.37678322271187 1  
46.79620955145502 0.9402965803381094 36.6238010613402 1  
25.235932809187762 0.07445321561849638 36.46221106091886 1  
49.20221616280506 0.23644618051432853 37.24205126569398 1  
31.129121149285957 0.09597639977339523 36.46221106091886 1  
46.79620955145502 0.9402965803381094 36.6238010613402 1  
46.79620955145502 0.8591186610070446 36.08545763959586 1  
38.614431293092636 0.05996562097215928 34.89660032990533 1  
49.690196446083 0.3263215780857571 34.83149776800565 1  
43.34287257278517 0.3504717656689818 34.83149776800565 1  
45.56130119969283 0.9123782532466841 36.66308305359715 1  
46.79620955145502 0.912336623855045 36.50708195147182 1  
46.79620955145502 0.09034738660123603 36.461968624215 1  
42.90905180049874 0.2654492646839237 28.50757232083626 1  
26.06125463137914 0.3777432901785245 30.18574569332538 1  
43.13788463813574 0.09586654908631179 35.0386781310943 1  
46.58497300411885 0.2331177472502959 37.24205126569398 1  
42.48785332800542 0.39194576789361735 38.54557239204722 1  
43.49575319972362 0.3431421469411363 34.77397564908616 1  
38.98229567541542 0.7864736174781032 37.37678322271187 1  
23.097989105178556 0.7868489084777346 37.31423441034868 1  
43.34287257278517 0.10871508553245712 35.327733817640194 1  
24.273329887159232 0.8178104530968355 36.23865123313073 1  
26.741205788889832 0.4279465710189718 38.421920257397105 1  
