14.3251750176994 0.03783353874047923 23.448574883313043 1  
45.23431774465495 0.813459155264977 38.05188894880502 0  
45.126860592669644 0.8313182254998464 38.1951920097393 1  
39.666333038681735 0.33166540882790463 33.08873340725562 1  
13.258005723925574 0.8949931196368658 31.5506042826017 1  
42.15921143210751 0.9898180631086441 20.648767892486788 0  
37.52499514924473 0.17450669893344745 26.03251397352717 1  
43.34020746021644 0.5058976292507731 36.85946526280012 1  
45.935184356810396 0.2500830828146039 34.41722625340344 1  
16.044298703662882 0.03783353874047923 24.386182500633144 1  
17.73138233593623 0.8312843310068037 30.113699200729567 1  
19.584645831027856 0.034738401523158546 29.041025474223463 1  
34.915753505471244 0.14131805734080843 24.077189535979162 1  
17.039600925338164 0.9612797999269215 22.90339015977064 0  
16.6828998758262 0.7509097775617694 31.321467111561113 1  
42.07571212583732 0.15297339989991326 32.42567126818806 1  
40.90881031890527 0.22734255683803975 34.93911244324611 1  
32.1968674528187 0.2274344494058358 32.61919906270751 1  
34.08681080752112 0.2544314003072804 39.40013810830564 1  
38.208692998878725 0.7719719041709369 20.136272117402275 1  
40.977697786134186 0.09699042168584915 29.263741715069102 1  
46.99913599741434 0.8164173781220105 31.416143643989574 1  
38.08049632040736 0.08309345271771673 25.54141954422979 1  
37.26855016512556 0.21053268929551766 31.405306499013438 1  
17.776952312621518 0.06701597560916861 30.593873243620795 1  
17.631764049858226 0.7545934176985288 31.321467111561113 1  
38.93991829534765 0.8065033071923869 30.593873243620795 1  
47.71537638870066 0.8164173781220105 32.644904090659196 1  
38.93991829534765 0.20212450911026297 29.716801959558367 1  
40.977697786134186 0.2655777769640144 38.8973276469529 1  
43.34020746021644 0.5115857859205802 36.00059473114767 1  
39.857406734412265 0.14960528083125924 36.802010261732896 1  
41.98290472802782 0.034738401523158546 36.821860235225536 1  
38.93991829534765 0.7689722526841372 30.75097939140244 1  
32.1968674528187 0.2274344494058358 34.981451925351394 1  
16.917432524066903 0.08448432155947705 23.66717472884303 1  
34.36865772077824 0.20405954265797582 31.33513331079869 1  
34.18827416152028 0.16093860998133008 35.72621340250962 1  
26.24065668548563 0.7670914967791628 20.136272117402275 1  
42.037020190152596 0.13158909615753345 23.66717472884303 1  
39.61139286504989 0.3258822187061503 32.58422295867457 1  
39.53098435563015 0.2544314003072804 39.501152469637084 1  
42.15921143210751 0.08613513951238283 24.161832973447112 1  
34.18827416152028 0.2274626968200249 34.98055352518725 1  
45.935184356810396 0.2775043204096791 34.68052500657694 1  
34.18827416152028 0.793526050901679 35.066593311784686 1  
36.30754634470145 0.11670379219374022 25.422262001596245 1  
38.9948584689795 0.7681878246331539 31.18110550671221 1  
31.687300564299818 0.09635862704891127 35.01758203574813 1  
39.666333038681735 0.3258822187061503 33.08873340725562 1  
