0.0 0.0 636.019 
-0.5255000000000001 1.0945 211.733 
-0.879 1.005 296.5285 
0.0 0.0 636.019 
-0.6455 1.496 230.216 
-0.4085 0.429 428.4905 
-0.86 0.944 319.392 
-0.013999999999999999 0.013999999999999999 569.8589999999999 
-0.362 0.3725 437.609 
-0.844 1.2235 272.8035 
-0.0015 0.0015 612.2059999999999 
-0.0675 0.07350000000000001 527.097 
-0.138 0.14150000000000001 493.8775 
-0.14400000000000002 0.14750000000000002 491.9825 
-0.6355 0.6645000000000001 383.055 
-0.0385 0.0395 541.402 
-0.757 1.267 248.149 
-0.097 0.1 509.7335 
-0.8025 0.8625 342.449 
-0.187 0.193 479.318 
-0.8274999999999999 0.9085000000000001 333.887 
-0.259 0.265 460.3555 
-0.5595 1.4425 217.8075 
-0.5465 0.567 400.9905 
-0.512 0.5305 407.79650000000004 
-0.7915000000000001 1.362 257.34000000000003 
-0.779 0.8295 349.464 
-0.3165 0.3245 447.3435 
-0.2925 0.302 452.64300000000003 
-0.6845 0.7184999999999999 372.57349999999997 
-0.61 0.6365000000000001 388.27049999999997 
-0.4945 0.5165 411.26700000000005 
-0.7955000000000001 1.327 257.905 
-0.439 0.4535 422.038 
-0.22749999999999998 0.236 468.2745 
-0.878 1.035 294.9895 
-0.708 1.286 238.9565 
-0.2185 0.22499999999999998 470.442 
-0.34299999999999997 0.353 441.5425 
-0.193 0.197 477.1405 
-0.7484999999999999 0.792 357.5675 
-0.0225 0.0235 558.895 
-0.6385000000000001 1.4165 228.607 
-0.473 0.4895 415.4015 
-0.5745 0.5974999999999999 395.3905 
-0.446 0.46099999999999997 420.6395 
-0.3295 0.3385 444.499 
-0.6065 1.428 224.0685 
-0.001 0.001 622.2270000000001 
-0.692 0.7264999999999999 370.9975 
