0.0771416201374453 0.7872925989638502 20  
0.6991558253500447 2.3177042239297396E-4 20  
0.8286012367381383 0.9905835741580425 20  
0.18370627413700702 0.8848380778736824 20  
0.7697120224557344 0.9857814128765994 20  
0.7283586952662564 0.7092071600283012 20  
0.5890966585435226 0.015400955894386855 20  
0.5659722883412338 0.01644781470079698 20  
0.6052683638683317 9.845602661430795E-6 20  
0.7977857695839271 2.751139940676791E-4 20  
0.47603728439991266 0.0344238486151207 20  
0.6288239006147677 0.00614959411153182 20  
0.7314713369694523 0.26912069527601834 20  
0.7742929846160139 0.32149134022047143 20  
0.470111253757731 0.02509038964847693 20  
0.8286012367381383 0.9905835741580425 20  
0.5166582197007574 0.03273584647469998 20  
0.4074605350684132 0.01014638050287818 20  
0.3678337345126289 0.12032623208760646 20  
0.43935274353064707 0.13956204637875128 20  
0.5523067102593265 0.6511900505756915 20  
0.3938305654554483 0.008592664097384933 20  
0.5201953615985864 0.8567277236545829 20  
0.37957427787991604 0.9979831678264267 20  
0.5508798223354272 0.008171298420412282 20  
0.7320548472173498 0.477325783489126 20  
0.6536021878381159 0.024588372742611966 20  
0.49129464781543575 0.04244089402072654 20  
0.3453278472061463 0.9826749017167754 20  
0.5398248413835599 0.23257799528556755 20  
0.2816621934414866 0.19534244341148227 20  
0.4842979537325872 0.559359445863109 20  
0.3715327418872646 0.9979831678264267 20  
0.5384958302726178 0.024576016724898286 20  
0.4328307885476203 0.2518136633408221 20  
0.3798962127339333 0.05243422856021916 20  
0.5068332329253866 0.015400955894386855 20  
0.49675071849385455 0.02507803363076325 20  
0.41887327692668447 0.02022227937707531 20  
0.5484880539400376 0.22837928590147993 20  
0.3278810077287354 0.011708484041331763 20  
0.7575572093786233 0.22274865356324908 20  
0.5309576221008464 0.09490890516063165 20  
0.5297906686073551 0.6325306243954613 20  
0.4840941411685071 0.9964401292633008 20  
0.3892025447542141 0.005498973979399288 20  
0.4595342305419273 0.17012865569683502 20  
0.5484880539400376 0.001067726941423186 20  
0.4504997379079758 0.9985298554264214 20  
0.5299277833257094 0.9923951949546088 20  
