3.903594482195423 0.5002577851452119 5000  
0.9666716978031337 0.5000000166356953 5000  
0.9666716978031337 0.500003677929064 5000  
3.903594482195423 0.5002577851452119 5000  
1.1448178741448092 0.5219993944033455 5000  
1.032133396315246 0.5000037353728786 5000  
1.7138242115753846 0.5202066405764698 5000  
1.588345579827865 0.5020082018006784 5000  
1.2029470692009183 0.5000030111713865 5000  
1.2950777597074568 0.5312087887752472 5000  
1.4668980540348042 0.500084002037858 5000  
2.990167730766628 1.413071378074053 5000  
1.5433247338101892 0.5480836736432243 5000  
1.2477626042254115 0.5002957815243716 5000  
1.4152726720512596 0.5000003346573286 5000  
1.9196128654336873 0.5002302539116552 5000  
1.9196128654336873 0.5397296705853643 5000  
1.0118121727321998 0.5121759606606302 5000  
2.990167730766628 1.413071378074053 5000  
1.3298742975775173 0.504993130928818 5000  
