3.9606567282161045 0.5000339210137482 5000  
0.9637045510954874 0.5000015949264409 5000  
3.9606567282161045 0.5000221590794486 5000  
0.9637045510954874 0.5000854750599045 5000  
2.238377476006277 0.5421010440154875 5000  
1.0622600794576755 0.5000125014724226 5000  
1.2215691588645863 0.500292466213558 5000  
3.8324539233306587 2.5342396985570934 5000  
1.4327394900489085 0.5711757764669483 5000  
1.1111802038915255 0.5188565174854743 5000  
1.3877299834169814 0.5711757764669483 5000  
1.7373462462251044 0.500109629457197 5000  
1.5140899390777915 0.5406018244009329 5000  
1.3239486404425316 0.5603195987451691 5000  
1.2164957308861766 0.5695333443656834 5000  
1.1644880583606263 0.5684543689373704 5000  
1.1851294050622307 0.5684543689373704 5000  
1.699713341682543 0.5132138354861048 5000  
1.4694618692059473 0.5406018244009329 5000  
0.9900794494875548 0.5004738365220729 5000  
