0.014000000000000012
0.3504000000000005
0.017100000000000004
0.018199999999999994
0.012399999999999967
0.09060000000000024
0.019100000000000006
0.024799999999999933
0.09140000000000004
0.015100000000000002
0.021399999999999975
0.016700000000000048
0.010000000000000009
0.015300000000001646
0.015100000000000002
0.00990000000000002
0.01200000000000001
0.09150000000000003
0.8462000000000005
1.336800000000001
0.015799999999998704
0.17930000000000046
0.21450000000000014
0.09150000000000003
0.012299999999999978
0.012800000000000034
0.012599999999999945
0.01970000000000005
0.05860000000000021
0.014499999999999957
