0.04520000000000002
1.221
0.0804999999999998
0.057499999999999996
0.12539999999999996
3.1121999999999996
0.6829000000000001
0.058499999999999996
0.2765999999999993
0.2391999999999994
0.1971999999999996
0.040000000000000036
0.05920000000000003
0.3072999999999997
0.3263999999999996
0.06280000000000108
0.2264999999999997
0.10569999999999968
0.05480000000000018
0.9531999999999998
0.05890000000000006
0.03980000000000006
0.058800000000000074
0.042300000000000004
2.6178999999999997
0.2195999999999998
0.2096
0.10939999999999994
0.05930000000000002
0.03500000000000003
