-382.93735000000004 68.87559999999999 
-203.87900000000002 0.04245 
-203.87900000000002 0.04245 
-382.93735000000004 68.87559999999999 
-382.87405 67.24785 
-382.879 56.7255 
-382.5697 49.667950000000005 
-338.81804999999997 7.142850000000001 
-298.1241 2.1586 
-382.03765 42.807199999999995 
-332.22130000000004 5.50205 
-348.1586 8.66165 
-382.77435 55.2494 
-355.63765 10.71095 
-326.20015 4.62595 
-311.76665 3.1343500000000004 
-265.631 0.8748 
-378.8583 29.5091 
-381.2191 37.12415 
-319.0842 3.8548999999999998 
-274.3053 1.0727 
-375.4841 23.231450000000002 
-351.6153 9.4765 
-361.1251 12.83395 
-374.1486 21.62275 
-366.39905 15.4271 
-377.04205 25.50415 
-382.26255 45.2084 
-251.85 0.493 
-247.48395 0.42095 
-362.201 13.2412 
-207.47735 0.0581 
-241.20335 0.32255 
-237.73764999999997 0.28835 
-380.69275 34.683350000000004 
-369.20825 17.247 
-222.56725 0.19770000000000001 
-287.1087 1.6613 
-314.81775 3.402 
-214.4427 0.07785 
-377.04205 25.50415 
-225.47735 0.14945 
-291.11159999999995 1.7860500000000001 
-259.28229999999996 0.6508 
-372.30920000000003 19.76015 
-258.45605 0.6318 
-283.0468 1.42095 
-277.96450000000004 1.20185 
-231.9777 0.2096 
-214.23805 0.0767 
