-382.9625 68.95845 
-200.09035 0.00215 
-382.9625 68.95845 
-382.9139 67.6528 
-382.9153 57.46235 
-254.84815000000003 0.47639999999999993 
-313.5465 3.08655 
-324.4493 4.2739 
-373.74405 20.6019 
-382.5712 49.35265 
-366.9869 15.2624 
-228.72084999999998 0.12405 
-380.2854 32.7337 
-293.122 1.73645 
-382.36725 46.42345 
-382.1232 43.48165 
-305.4074 2.47595 
-264.95215 0.69945 
-242.9989 0.29315 
-375.457 22.744799999999998 
-379.0238 28.88955 
-342.63725 6.917350000000001 
-234.5324 0.1839 
-275.5286 1.00835 
-359.3109 11.581150000000001 
-364.0894 13.6281 
-282.025 1.24195 
-370.3082 17.7799 
-376.83185000000003 24.5162 
-381.18325000000004 36.3511 
-218.0455 0.048549999999999996 
-381.87505 40.93215 
-380.77840000000003 34.420500000000004 
-382.7433 52.910399999999996 
-209.37125 0.01575 
-382.8494 55.5352 
-334.97425 5.5440000000000005 
-208.35195 0.0129 
-307.44169999999997 2.60745 
-218.0455 0.048549999999999996 
-240.8102 0.25105 
-285.8068 1.3958499999999998 
-331.00705 4.9681999999999995 
-354.2194 9.9467 
-377.7098 26.016849999999998 
-381.7098 39.61105 
-347.3358 7.89285 
-338.5453 6.4531 
-271.2214 0.8727 
-268.90495 0.8055 
