-382.9625 68.95845 
-194.98065 0.0015 
-382.9625 68.95845 
-194.98065 0.0015 
-382.91470000000004 67.67429999999999 
-382.9153 57.46235 
-267.7039 0.77215 
-237.3878 0.20705 
-374.71865 21.9953 
-377.11285 25.38335 
-280.19185 1.1764000000000001 
-220.324 0.07075000000000001 
-259.17085000000003 0.56445 
-382.83725 55.20225 
-299.08325 2.1066000000000003 
-342.1153 7.047 
-289.6576 1.6045 
-250.72514999999999 0.40075 
-380.6404 35.1265 
-382.25660000000005 48.4848 
-355.43084999999996 10.4469 
-337.1125 5.8848 
-351.8163 9.1668 
-219.4058 0.0571 
-206.37779999999998 0.008700000000000001 
-378.5399 27.69845 
-364.4125 14.089500000000001 
-382.2464 44.6072 
-367.24154999999996 15.6997 
-379.15425 29.2244 
-359.80615 11.690449999999998 
-382.65855 51.079049999999995 
-372.23595 19.5091 
-310.81870000000004 2.9033499999999997 
-284.57755 1.3749 
-243.8367 0.2922 
-205.2967 0.0069 
-380.0813 31.897800000000004 
-320.28095 3.7590500000000002 
-381.30685 37.04805 
-332.42719999999997 5.569 
-347.88225 8.030750000000001 
-372.00789999999995 18.86905 
-379.98485 31.58945 
-381.6875 39.4488 
-382.15375 44.04545 
-359.41495 11.56865 
-304.41895 2.44735 
-369.70105 17.08345 
-330.5211 4.90445 
