-382.9625 68.95845 
-200.70895000000002 0.00235 
-200.70895000000002 0.00235 
-382.9625 68.95845 
-382.9153 57.46235 
-382.91409999999996 67.65855 
-351.15625 8.88875 
-379.50825 31.0143 
-382.03790000000004 43.5921 
-380.834 35.353049999999996 
-342.51505 7.0653500000000005 
-357.96434999999997 11.04805 
-367.13695 15.2829 
-309.64125 2.7708500000000003 
-370.82745 17.8766 
-219.9019 0.05855 
-294.1495 1.8566 
-381.5653 38.60445 
-314.61535000000003 3.3769 
-382.74355 54.5079 
-378.13865 26.872999999999998 
-250.56635 0.4024 
-382.38155 46.8574 
-284.34975 1.3349 
-363.8515 13.5216 
-372.6319 19.44905 
-301.16625 2.2179 
-211.29495 0.02105 
-374.56804999999997 21.51125 
-361.30395 12.35515 
-327.9149 4.57895 
-232.9645 0.15739999999999998 
-259.82885 0.617 
-338.70175 6.17605 
-375.82135000000005 23.1104 
-332.87874999999997 5.23125 
-256.48775 0.5216500000000001 
-274.14665 0.99505 
-321.8433 3.8804 
-381.38035 37.838499999999996 
-376.88750000000005 24.61825 
-334.52895 5.8053 
-267.21659999999997 0.7735 
-298.49145 2.0278 
-281.95655 1.26275 
-242.84730000000002 0.2786 
-227.43644999999998 0.12455000000000001 
-382.58860000000004 49.7607 
-267.21659999999997 0.7735 
-239.4948 0.234 
