-382.9565 68.93504999999999 
-197.1445 0.00625 
-382.9565 68.93504999999999 
-382.9045 67.55144999999999 
-382.90685 57.282650000000004 
-314.2713 3.2653499999999998 
-376.58835 24.51315 
-255.54295000000002 0.5904 
-374.0518 20.96365 
-264.5558 0.7512 
-307.2647 2.8080499999999997 
-322.7087 4.1055 
-347.0375 7.9323 
-382.7681 53.89 
-221.57729999999998 0.0742 
-360.9 12.5532 
-380.80025 34.60615 
-369.59614999999997 17.14345 
-382.6508 50.909549999999996 
-247.45475 0.35145 
-369.59614999999997 17.14345 
-378.85955 28.5001 
-377.5923 26.51475 
-352.23945000000003 9.215250000000001 
-381.40815 37.791349999999994 
-205.23015 0.01215 
-360.9 12.5532 
-228.6136 0.14155 
-233.6651 0.1844 
-379.67065 30.61505 
-380.03285 32.5926 
-213.24110000000002 0.033549999999999996 
-286.22305 1.4306 
-357.68495 11.11685 
-382.08844999999997 43.2947 
-280.21315000000004 1.1883 
-382.847 56.70635 
-371.9697 19.06255 
-382.4852 48.050349999999995 
-240.5266 0.25145 
-381.49535000000003 39.089749999999995 
-382.25245 45.231750000000005 
-271.94605 0.9078999999999999 
-300.21915 2.15825 
-271.94605 0.9078999999999999 
-342.2855 6.87835 
-209.87295 0.023649999999999997 
-382.5202 48.51335 
-340.8766 6.61425 
-335.8985 5.94815 
