-382.93735000000004 68.87559999999999 
-203.87900000000002 0.04245 
-203.87900000000002 0.04245 
-382.93735000000004 68.87559999999999 
-382.8713 67.17840000000001 
-382.879 56.7255 
-379.3441 31.04535 
-381.289 37.4504 
-382.3175 47.63435 
-282.0397 1.3677000000000001 
-382.0163 42.793800000000005 
-360.96029999999996 12.836500000000001 
-239.6012 0.30784999999999996 
-367.73305 16.247700000000002 
-382.60220000000004 51.525000000000006 
-249.97840000000002 0.4582 
-365.47085000000004 14.896099999999999 
-291.24055 1.7787 
-374.6803 22.51065 
-233.03840000000002 0.22275 
-222.0443 0.124 
-375.56985 23.37985 
-377.53645 26.5205 
-356.18745 11.15 
-320.3965 3.9662499999999996 
-266.4048 0.8311 
-371.27459999999996 19.21915 
-340.96705 7.2693 
-371.62595 19.4583 
-333.05355 5.5476 
-295.69885 2.1306000000000003 
-315.20025 3.4366 
-343.26959999999997 7.7491 
-378.36185 29.0657 
-354.61744999999996 10.31995 
-212.20135 0.0912 
-326.69785 4.683199999999999 
-311.38985 3.0997 
-261.6896 0.7067 
-335.82615 5.98515 
-348.60055 8.64495 
-273.6127 1.0494999999999999 
-350.4557 9.34975 
-382.77015 53.8329 
-210.06155 0.07615 
-273.6127 1.0494999999999999 
-306.79045 2.8320499999999997 
-254.8467 0.5637 
-381.55695000000003 40.49025 
-378.02995 27.4455 
