-382.9565 68.93504999999999 
-200.8398 0.0076 
-200.8398 0.0076 
-382.9565 68.93504999999999 
-382.90425000000005 67.5458 
-382.90685 57.282650000000004 
-258.4475 0.5694 
-324.51465 4.3013 
-381.0263 35.765550000000005 
-382.17184999999995 43.81545 
-373.2007 21.82495 
-375.16470000000004 23.560699999999997 
-349.35375 8.6022 
-381.76085 40.4701 
-209.7606 0.0224 
-331.751 5.1813 
-363.144 13.44765 
-377.51 26.63235 
-335.78065000000004 5.8203499999999995 
-269.80215 0.9285000000000001 
-245.70659999999998 0.32565 
-357.26005 11.604099999999999 
-249.71625 0.38965 
-382.52655 48.64845 
-367.1719 15.3887 
-381.49379999999996 38.229699999999994 
-382.42470000000003 47.04695 
-382.6986 51.95595 
-316.26610000000005 3.3514 
-225.2653 0.1033 
-380.07555 31.8654 
-369.58624999999995 17.60555 
-221.35739999999998 0.0758 
-355.0912 10.076149999999998 
-345.50455 7.531549999999999 
-236.20685 0.19940000000000002 
-379.0921 30.033050000000003 
-371.4079 18.4227 
-296.26385 1.9968499999999998 
-378.29150000000004 27.9935 
-307.37760000000003 2.6475999999999997 
-275.8073 1.03275 
-234.11599999999999 0.2965 
-281.68975 1.2624499999999999 
-341.7093 6.8974 
-301.1015 2.25455 
-365.2182 14.26905 
-313.1975 3.1631 
-304.63710000000003 2.4349499999999997 
-289.852 1.78295 
