-382.93735000000004 68.87559999999999 
-208.11104999999998 0.0521 
-382.93735000000004 68.87559999999999 
-382.87244999999996 67.2071 
-382.87895000000003 56.72455 
-235.4751 0.25475 
-380.46705 33.735 
-304.20680000000004 2.55165 
-358.26905 11.968350000000001 
-381.36474999999996 38.589749999999995 
-352.3844 9.82985 
-382.7583 53.86 
-360.02840000000003 13.484449999999999 
-363.79495 15.33845 
-294.32460000000003 1.9411 
-376.55455 26.06635 
-326.96680000000003 4.791399999999999 
-247.19765 0.43370000000000003 
-340.1373 6.86135 
-375.1684 22.8273 
-344.5218 7.6793000000000005 
-382.6014 50.5287 
-331.3994 5.61965 
-279.40295000000003 1.3465 
-322.00665000000004 4.15085 
-382.21320000000003 45.35235 
-309.6552 3.15245 
-287.79814999999996 1.6572 
-372.36665 19.85165 
-264.60885 0.8121 
-255.34235 0.61075 
-382.04665 42.8928 
-374.63525 22.1796 
-379.70765 31.35635 
-347.47235 8.49085 
-212.86765 0.07755 
-381.87604999999996 41.37975 
-282.8973 1.48995 
-219.81135 0.109 
-367.4205 16.0975 
-227.2497 0.16725 
-272.87445 1.0326 
-382.5562 49.43045 
-369.03790000000004 17.177500000000002 
-350.73535000000004 9.16335 
-254.66715 0.6003499999999999 
-247.64725 0.42195 
-371.47900000000004 19.1561 
-381.44035 39.41655 
-226.9056 0.16415000000000002 
