-382.9565 68.93504999999999 
-197.13455 0.00625 
-382.9565 68.93504999999999 
-382.90555 67.5806 
-382.90685 57.282650000000004 
-303.09180000000003 2.3322000000000003 
-342.15639999999996 6.9617 
-289.74125000000004 1.58945 
-366.91089999999997 15.23075 
-380.19725000000005 32.275400000000005 
-382.34465 45.9005 
-330.60884999999996 5.1392500000000005 
-333.86085 5.45025 
-374.02925 21.5383 
-358.27215 11.17265 
-380.85035 34.9604 
-321.437 3.85705 
-375.8669 23.26195 
-213.81595 0.03565 
-229.98365 0.13745 
-276.6866 1.0792000000000002 
-312.51975 3.02585 
-267.82135 0.7878499999999999 
-382.7602 53.327200000000005 
-381.27355 37.9149 
-352.6669 9.408999999999999 
-371.7596 18.7247 
-377.5906 25.97605 
-382.1001 43.057249999999996 
-371.7596 18.7247 
-236.69555 0.2056 
-305.38530000000003 2.5389 
-382.70735 52.100899999999996 
-363.28430000000003 13.28575 
-259.3886 0.5855 
-354.91215 10.350000000000001 
-382.87829999999997 57.00405 
-379.15009999999995 29.296 
-253.892 0.4645 
-245.56095 0.322 
-382.55764999999997 49.155199999999994 
-347.54639999999995 8.2899 
-241.0503 0.2662 
-264.16295 0.69665 
-381.68085 39.48535 
-250.1212 0.39575 
-287.68025 1.5324499999999999 
-365.7434 14.5564 
-206.51229999999998 0.0147 
-221.8311 0.07575 
