0.9949515018338291 39.816469803925024 0  
0.006232085408978988 20.01493605685773 1  
0.9908587409795603 39.92085323795088 0  
0.9928934489678043 38.23350668815805 0  
0.99968132127379 39.970880513282104 1  
0.1643596513899424 39.98120789064723 1  
0.26600567026447297 38.6009932272254 1  
0.13845859723200257 39.992634115368844 1  
0.35577417168875686 39.877256850178625 1  
0.5212123991709792 39.92666539164946 1  
0.7088976286446832 39.99396419956201 1  
0.2405187014247619 37.49741468884832 1  
0.23719534970340794 39.388825503394926 1  
0.43506592264491495 37.58141542239118 1  
0.31343859986313444 39.877256850178625 1  
0.555118826808652 39.4589001184643 1  
0.2040070358066483 39.948564755936275 1  
0.43372502342010866 39.53687331816627 1  
0.019598799599249983 39.899623998324465 1  
0.04203740387910468 39.591472631161274 1  
0.11788541648727421 38.830199077336125 1  
0.18405417629804896 39.95226412811931 1  
0.09987219762354849 39.95226412811931 1  
0.8708380024157202 39.782706725989264 1  
0.6132931896349183 37.54873547527209 1  
0.2959244977093377 39.26367367055813 1  
0.3891478851946271 39.94422473006966 1  
0.459562133095926 39.53687331816627 1  
0.6611475320697127 39.987358112310055 1  
0.3891478851946271 39.877256850178625 1  
0.05172826375080425 39.591472631161274 1  
0.1747538739167716 38.523796777573274 1  
0.8392030998482243 39.98283343189876 1  
0.33617829222271856 39.94241440112633 1  
0.08776582305390129 39.05560241933895 1  
0.3183855065795624 37.5804677520101 1  
0.99968132127379 39.008700917089094 1  
0.4925344014645704 39.52986361989388 1  
0.07739288871012528 39.94931441797482 1  
0.06459282668223634 39.97897167576591 1  
0.7720413202114188 39.9629947017354 1  
0.29222350947843356 37.43928469295311 1  
0.060634130857036894 38.02395900928516 1  
0.09493979054905007 39.34300441397142 1  
0.6087494701499976 39.99424880430164 1  
0.0715377560370036 39.851275034022066 1  
0.13993541631783363 38.32173888575196 1  
0.3490879840093175 39.99735400984463 1  
0.006418206270010163 39.99064324772014 1  
0.030438957081124873 39.83553182907894 1  
