0.9991475712840542 39.98697636701577 0  
0.0035169020010824975 20.169966364367898 1  
0.9976579726558793 39.98588795665371 0  
0.0035169020010824975 20.169966364367898 1  
0.9968101572642933 38.40755179766777 0  
0.9991475712840542 39.99922921812556 1  
0.09933671208962573 39.920266276505394 1  
0.05312442973289594 39.26971336923561 1  
0.43071809018836216 38.54284386175883 1  
0.46321539556458846 38.54284386175883 1  
0.12137121179842447 39.68992449219607 1  
0.03499793383967281 32.69534844792245 1  
0.0859082404415546 39.690078078701426 1  
0.9222093445780638 39.99542773035144 1  
0.16106159812607013 38.63878769385937 1  
0.2741323649686064 37.444682667385486 1  
0.14282482370021496 38.54284386175883 1  
0.07334526322795192 39.29614542171686 1  
0.5868151424296353 36.7946463346308 1  
0.836634588884367 33.84294195664999 1  
0.3188070576305826 37.73908744757355 1  
0.24262598011366923 39.987895747931574 1  
0.2953619037134654 38.90532160083284 1  
0.028514970792022337 37.89306057505609 1  
0.009733069788276316 39.89392973728335 1  
0.47348981393907064 39.84263718495566 1  
0.3562932755539232 38.207475579154405 1  
0.6856478426893805 39.8619421619093 1  
0.3727722271945021 38.207475579154405 1  
0.4912189974315495 39.58707302339621 1  
0.3188070576305826 39.98685130543067 1  
0.8151427123695283 39.755895254704996 1  
0.41111521727463096 38.078913310167664 1  
0.18394032783726377 39.02604688496528 1  
0.1330064155370894 38.59036488076442 1  
0.06319222405318826 39.02604688496528 1  
0.008488837444064451 39.28500737520127 1  
0.5190931056610174 39.60045700096453 1  
0.20529153353957585 39.02604688496528 1  
0.5763203390883196 39.84385752308157 1  
0.25944727310678617 35.513076551290794 1  
0.27508122409334573 39.8236900775229 1  
0.3904266344264477 39.8236900775229 1  
0.5159633934633364 39.58177836438346 1  
0.6070885782823018 39.96854067944528 1  
0.6874394616082737 38.90532160083284 1  
0.3188070576305826 39.69509447854475 1  
0.17199203090393855 38.658228431312736 1  
0.37636379480095083 39.47325436418682 1  
0.22548130395098437 39.87018161627075 1  
