0.9765314414206925 39.703998793767425 0  
0.022373044926107033 20.170870696855708 1  
0.022373044926107033 20.314536870573 1  
0.9863058955155941 39.917099520416286 0  
0.992597280643579 37.64768254115397 0  
0.9861104802024373 39.703998793767425 1  
0.7869059369236436 39.88973440374467 1  
0.29593285665715285 33.678089314774674 1  
0.156360986759369 39.76952882264754 1  
0.6610918239066966 39.702705279566295 1  
0.23968688651050607 38.47328774151488 1  
0.2914650442323021 38.009554697423866 1  
0.9516340278741606 37.64768254115397 1  
0.31059944829345604 39.098773631922256 1  
0.2195197470328255 39.235028910486704 1  
0.18505008705292875 39.41677283217612 1  
0.11194346238368903 34.47388842637576 1  
0.5096182857534582 38.06459429550748 1  
0.5828167249918143 39.374320455504765 1  
0.20547970615483863 38.65954855939033 1  
0.11227127258630046 39.99115430351409 1  
0.4334211859813084 39.99529923888291 1  
0.296365103466501 38.958953416446946 1  
0.3350727973154701 39.027152448163285 1  
0.41817227215610436 39.8898398714833 1  
0.35857776923151663 39.84443289522191 1  
0.4552216435451776 39.54494757687181 1  
0.7008221931138211 39.48273139966256 1  
0.07535603329791443 39.47000932696671 1  
0.07098332706717948 38.15053902911989 1  
0.33613191771548423 39.54653878703869 1  
0.03223615041683878 20.799400779818786 1  
0.06110090349741375 38.167798323649166 1  
0.061993390290867506 34.405872304883694 1  
0.5535114555417109 39.33847552786196 1  
0.37647523914595005 39.6371205793073 1  
0.0719362645523195 20.170870696855708 1  
0.14763478353627613 36.2219633725284 1  
0.19181278167715637 39.411385821041854 1  
0.0100383030313859 33.52196727968453 1  
0.4552216435451776 39.998833925381525 1  
0.03754016387221183 38.15053902911989 1  
0.14479513505477126 38.948542418665205 1  
0.08758015697691279 39.29282309651981 1  
0.4005394437173604 39.84385277573655 1  
0.0862398965337623 39.29282309651981 1  
0.13108374785483556 38.515952756007266 1  
0.11868000220197364 39.55328334008299 1  
0.047255790757407004 38.03115805242621 1  
0.0100383030313859 33.11972459950019 1  
