0.9934573899495823 39.8969563268991 0  
0.006891137497022082 23.00035163813411 1  
0.0025795974035163205 23.00035163813411 1  
0.9934573899495823 39.8969563268991 0  
0.9980600798311758 38.19488180478096 0  
0.997875790792395 39.9929133064869 1  
0.08736471659214334 38.56449726590247 1  
0.2202270044593272 38.215040700481424 1  
0.5642751054590948 39.5002190716378 1  
0.6733044343829537 39.96852134526132 1  
0.4750992592223612 33.90702913256312 1  
0.47521191600378676 35.549818821815165 1  
0.29004285045614603 38.50566662350486 1  
0.6321274710172121 38.943297453351164 1  
0.014763657048166068 38.526640464566974 1  
0.23458528960754363 38.90559488619431 1  
0.34686487016241313 38.53678378602225 1  
0.49017117159332646 37.08344411968329 1  
0.24755496854757625 38.58617090101322 1  
0.11852504343428777 34.761278301741264 1  
0.06527361646030133 39.526576217208195 1  
0.35124715812419816 35.191970954460274 1  
0.07116332655393368 39.667517847312176 1  
0.762107406408112 39.750176605603755 1  
0.35731505868719116 39.90747185233783 1  
0.592028906307222 39.79475236488983 1  
0.7305804086891571 39.750176605603755 1  
0.8365128113679383 39.72698160528409 1  
0.19226400091004076 39.921107918450794 1  
0.037853251412073664 37.12297199207559 1  
0.5167712711169739 39.98312826524398 1  
0.40024110498908294 37.174912382124795 1  
0.03204225346702577 37.14825583355495 1  
0.3007843722626588 39.87932154254732 1  
0.26793035566691564 39.921107918450794 1  
0.05073933459522195 39.92418610142871 1  
0.5255432670456229 37.08344411968329 1  
0.3863180926715082 39.926249319808065 1  
0.15998789946814052 37.57195970746874 1  
0.49896235139958356 37.57195970746874 1  
0.1753070955598573 39.31936757059868 1  
0.11358805555033835 39.74638498659596 1  
0.08729372504005906 23.00035163813411 1  
0.1265371716593226 38.947230400744544 1  
0.26622043574023757 38.37981189396032 1  
0.16599732871134304 38.47499344333754 1  
0.34620941153433094 39.87932154254732 1  
0.19334113562456412 38.223252710323564 1  
0.16749792484737253 39.87932154254732 1  
0.16316037786199372 33.951458864108446 1  
