0.9969007043765992 39.9826796165779 0  
5.191713324106118E-4 28.192689658081246 1  
0.0020167767544361365 28.192689658081246 1  
0.99977759443134 39.99852516557191 0  
0.9996014900663133 39.99696916324719 1  
0.9993457067526805 38.389857358689504 0  
0.28749542673759493 39.62750641795334 1  
0.533870105679885 37.28964573683575 1  
0.6970084096751089 37.50293918378234 1  
0.5734567761892992 38.19808523731997 1  
0.2713957645873487 37.97877245793382 1  
0.3141279284640821 39.51842710168581 1  
0.35574144571738403 39.914017622695496 1  
0.1773306634030597 39.94100907823176 1  
0.3813384311860487 39.79770089130507 1  
0.028249330238546255 39.11147120252949 1  
0.15473811936585033 37.77270627471815 1  
0.5957497957597864 39.93628325448914 1  
0.20666389200705965 36.38035564738655 1  
0.9316757454990057 37.50293918378234 1  
0.46582903225939154 39.79770089130507 1  
0.07428835635577608 38.684828939275796 1  
0.7366680785825812 38.93486681809675 1  
0.1281433975477074 39.941926906396496 1  
0.3396178296216916 39.68874852568285 1  
0.3960703253190899 39.79435236712604 1  
0.16341580035877915 39.07741677159746 1  
0.01650695874270408 39.09722481964406 1  
0.41626675347525577 39.669875449234155 1  
0.32780503973343983 39.62750641795334 1  
0.2199830541308756 39.69190883645658 1  
0.045873402205898195 39.9520668180743 1  
0.09521742154528079 36.33627881551872 1  
0.24858451344787624 39.656494162923074 1  
0.43172540222616307 39.607678403320655 1  
0.23134864874989808 39.945157881458016 1  
0.08500042122136284 38.155268725056054 1  
0.11564675465489216 38.062064490868515 1  
0.20539279928348866 39.69190883645658 1  
0.5957497957597864 38.987327920774554 1  
0.4437158138276574 39.85348975182292 1  
0.25914456103030026 36.37986719648111 1  
0.10135785579509354 38.81148060767818 1  
0.1547040101688606 39.919592221868136 1  
0.1274093528551124 38.807788912633185 1  
0.0618265816137569 38.9348915142808 1  
0.045873402205898195 33.435336750224124 1  
0.7862595572069548 39.68874852568285 1  
0.10135785579509354 38.81148060767818 1  
0.05675458195291219 38.9351065036954 1  
