0.9978680533386962 39.90334708932189 0  
0.009720218532332448 23.514220895634825 1  
0.9937517848689598 39.725561104063125 0  
0.9980742911623279 37.603358999756324 0  
0.9749677450894282 39.55068569016971 1  
0.056244938848201365 35.56035750725524 1  
0.5408645072285185 39.92299612024416 1  
0.16865499448878063 39.98317511556956 1  
0.33879702516296206 37.147602472059454 1  
0.6188515488282617 37.873773900421035 1  
0.3070124963588499 37.98607781927684 1  
0.8945361383193633 39.03672887619344 1  
0.38785448018274005 33.34537954195448 1  
0.40967745973715297 33.34537954195448 1  
0.14892157528161268 39.74482927090315 1  
0.5027163073576948 35.34791982546799 1  
0.22735435434337964 38.22838676455888 1  
0.07671217696722296 35.116749174764614 1  
0.2636288677170194 38.2695713992311 1  
0.4295798853873349 39.562531387112244 1  
0.271404629781615 39.08847233230539 1  
0.8115658328207046 39.03672887619344 1  
0.25603236342238705 35.733866244731885 1  
0.1365589882730021 35.116749174764614 1  
0.21086896165357982 38.94867288599854 1  
0.7194914018893523 38.13472363818394 1  
0.20063895419962274 35.51082716481625 1  
0.14354395371658132 37.58888183655907 1  
0.4027884543838164 39.3334409643313 1  
0.1030240371950909 36.76904662928974 1  
0.09416442053137247 33.96806060214913 1  
0.662432290710633 39.931898526232175 1  
0.42344472898088503 39.753675430114995 1  
0.5181882141496011 39.14315117498133 1  
0.28919054451777276 37.9979375959595 1  
0.03464204801231399 23.874304730047747 1  
0.6394341789454892 39.93005340372411 1  
0.14266210572547997 35.353908344603106 1  
0.02976240651115264 37.68767287086151 1  
0.3671593221821075 39.247534135422825 1  
0.04363642985692833 35.13783702057781 1  
0.11130179713242278 38.96998483692836 1  
0.781807432967856 39.9975018208358 1  
0.377782967029382 39.247534135422825 1  
0.28911411750965843 39.764283866574516 1  
0.09416442053137247 33.528623318867375 1  
0.07054177110759703 38.52572076026379 1  
0.3997202606160309 38.90332403297779 1  
0.6394341789454892 37.09793009086562 1  
0.04312244170100582 35.116749174764614 1  
