0.9980423335701702 39.86847269623884 0  
0.0032703263414436967 20.204815631596727 1  
0.99846878618531 39.83813740586552 0  
0.9985376092836563 38.20109828318724 0  
0.9956605156663884 39.86901047314946 1  
0.19656797317459657 38.073179342312066 1  
0.4519258297024083 38.843734575731766 1  
0.10140732716758213 31.621243525032373 1  
0.40999583309381965 39.898704390296764 1  
0.10456999555904875 36.0413661867828 1  
0.19239803508248232 35.85405725517499 1  
0.2165870374900397 38.073179342312066 1  
0.2761404326696699 39.32685588790218 1  
0.8928034366303956 39.226168030033506 1  
0.03009712006214768 39.789565375138594 1  
0.34226157310556155 37.8400981062961 1  
0.5473987299303533 39.88678222451441 1  
0.37929107774662096 39.15407914847376 1  
0.8107188123552794 39.99976076350409 1  
0.06746465372335692 39.86036963410081 1  
0.37929107774662096 39.15407914847376 1  
0.48186788605746833 39.99225023934973 1  
0.4810436421976273 37.861462771314955 1  
0.290294046965738 39.92221455014559 1  
0.5886201953063259 39.58504659844261 1  
0.008874404091718163 34.316681350970036 1  
0.34226157310556155 37.8400981062961 1  
0.0479084319428367 33.42256815442129 1  
0.052277210579079844 35.97238659949191 1  
0.5035605767825131 39.793859491319296 1  
0.5488517003648068 37.520700237104194 1  
0.01893635665260371 39.595420307371015 1  
0.13197556121130588 39.79533991311313 1  
0.3195414022907793 38.76994790731275 1  
0.673185648812358 39.08343792642709 1  
0.12114922424160396 39.948428047021636 1  
0.9985376092836563 38.20298101712184 1  
0.3975896411095814 39.15407914847376 1  
0.7516704482096368 39.61267124707147 1  
0.05707150173763284 39.87045843939844 1  
0.624862097522383 37.906959640681976 1  
0.7081438096030717 38.863954896589384 1  
0.10680682288136145 39.92221455014559 1  
0.1594179979213876 39.6007611143833 1  
0.10680682288136145 39.94907227647724 1  
0.25922234989666887 39.64261480029976 1  
0.01700946741876433 34.316681350970036 1  
0.758762159734667 39.96015897062899 1  
0.2555394098552659 39.57352083006043 1  
0.2555394098552659 37.45890178107838 1  
