0.9990738581112788 39.93864954070052 0  
0.00493720402928291 26.101183835403717 1  
0.9990738581112788 39.93864954070052 0  
0.9959441728199104 38.383444871093296 0  
0.9997439657333012 39.99986495618377 1  
0.07950507384732758 39.45998967849649 1  
0.18587127891577312 39.860134827236145 1  
0.22046420017565305 38.12545570924068 1  
0.40807464070742094 39.63971997819572 1  
0.7756460935357025 39.84306886292065 1  
0.3581545492924414 39.5458113396614 1  
0.042430346771853894 37.57970304386177 1  
0.531928683881 39.24043424997618 1  
0.14436194246211786 39.9972578438473 1  
0.7235885704846187 39.35297425733613 1  
0.6728564651867799 39.363972640388546 1  
0.16980812737812767 39.60735204233682 1  
0.09479868150973797 39.97978877859693 1  
0.06594047963626258 36.719012226542645 1  
0.4321929591538897 39.168892325183236 1  
0.4875268968356399 39.617390872395205 1  
0.2606157516953074 39.558945877408455 1  
0.05233264571626001 36.80915957061446 1  
0.11257963431058379 39.99140367116038 1  
0.3211309562803556 39.36381883142668 1  
0.3402419740573309 39.756176237678694 1  
0.12396680581771696 39.979734963462455 1  
0.39134623973539745 38.442812194322066 1  
0.44234277414981105 39.988334182242994 1  
0.5670892358799896 39.999049170246415 1  
0.02561662654168101 39.20304343468292 1  
0.6286196024937448 39.83568174356266 1  
0.5441629078227298 39.999049170246415 1  
0.8597920229142936 39.78848734436335 1  
0.01428959358484963 38.23624027996913 1  
0.9322634063242432 39.99706440759799 1  
0.23686251587826007 39.981433435005364 1  
0.012518883087392185 39.25415472532764 1  
0.1727270825140863 39.99734349283523 1  
0.02561662654168101 39.20304343468292 1  
0.05878172812477139 38.90609935669203 1  
0.1307770524839083 39.973651723031935 1  
0.22653710058123666 39.98374695598384 1  
0.3080628722456093 38.4397100430238 1  
0.45660618544878173 39.988334182242994 1  
0.6093094404348429 39.97819327294754 1  
0.27278295185506973 39.97978877859693 1  
0.26870994461334613 36.70140067858248 1  
0.10522735706008116 39.98585346293118 1  
0.10133703350035128 39.97876878709579 1  
