0.9938940614859276 39.988094326400386 0  
0.024739461871105164 20.242336681847462 1  
2.754353620730843E-4 20.242336681847462 1  
0.9839292011813423 39.700715961028415 0  
0.9998894371560206 37.57220340613361 0  
0.982470780469664 39.98070519843016 1  
0.5351789634599301 37.21629452467891 1  
0.585595314102234 39.6773808026797 1  
0.7828933172767999 36.49235425776224 1  
0.12732190780963293 39.08212492240525 1  
0.6653367741440868 39.11332019599601 1  
0.33829555741032236 38.57404477628916 1  
0.062278851650912403 35.960163561569985 1  
0.366721787260575 39.82775338717028 1  
0.8536486493264916 37.53465887058466 1  
0.07239339983968213 39.49856087079705 1  
0.3532423032343269 39.82775338717028 1  
0.14300604990958993 39.49856087079705 1  
0.43604180612847676 38.43795492215466 1  
0.05025261207478102 36.98550071167342 1  
0.03146399337795766 39.50147899554585 1  
0.43604180612847676 39.3641295672066 1  
0.47061955245768095 38.91992136191364 1  
0.32711622413533664 37.42378358988523 1  
0.20612393124301015 39.117710827440895 1  
0.09902276345541022 39.42062791652894 1  
0.4088970434651189 37.898354436805306 1  
0.2830259968219152 36.03036603704202 1  
0.4088970434651189 38.16763789541961 1  
0.23557275030171765 39.84610052007875 1  
0.16637927274567332 36.03036603704202 1  
0.19261701470954024 39.42062791652894 1  
0.2902264469070492 36.081309748251684 1  
0.5246955113290055 36.22233279881293 1  
0.3034037010876032 39.88261314981636 1  
0.04518680515250803 20.544655102218385 1  
0.22032444342998503 39.31228139853751 1  
0.18390088314180458 39.48659913458812 1  
0.09103459620969273 39.67021644141851 1  
0.24306913591407642 39.87358033254529 1  
0.2847314843406748 39.09473462431499 1  
0.11107375438845712 39.99871523940194 1  
0.3044263086476518 37.42378358988523 1  
0.8881535818319969 39.53652815436282 1  
0.04011920405907905 20.336143091551207 1  
0.11107375438845712 39.998793517513704 1  
0.1846905226417621 37.24630018176558 1  
0.08358373295681695 37.829957185508626 1  
0.6624707424065228 36.47319663597971 1  
0.47986201670076045 38.917784494035516 1  
