0.17490000000000006
0.12219999999999942
0.019299999999999984
0.019600000000000062
0.5735999999999999
0.03170000000000006
0.1426999999999996
0.27449999999999974
0.21679999999999922
0.01759999999999995
0.0804999999999998
0.07299999999999951
0.015000000000000013
4.4664
0.02189999999999992
0.3287999999999993
0.025000000000000022
0.015000000000000013
0.02190000000000003
2.4982999999999995
0.8155999999999999
0.08109999999999928
0.13709999999999933
0.9899999999999993
2.9245
0.42110000000000003
0.013399999999998968
0.04439999999999955
1.2707999999999995
1.1723999999999997
