1.0590201299575461 3.427051671524216 5000  
0.9445197930043518 0.5000678357912293 5000  
0.9445197930043518 0.5000678357912293 5000  
0.6568391835975668 3.4364015799645387 5000  
0.5522159442101134 0.5001189251884682 5000  
0.7603036198902244 0.5544126524898776 5000  
0.6568391835975668 0.5623010649736593 5000  
0.8117233487347977 0.5096755312920578 5000  
0.8191077033084267 0.5957501796563982 5000  
0.6568391835975668 0.5623010649736593 5000  
0.7155300105571047 0.5966547337011957 5000  
0.6967334113307392 0.5064127956582894 5000  
0.8596368937663964 0.5164560626633186 5000  
0.7603036198902244 0.5013758033276129 5000  
0.6506490249307073 0.5013758033276129 5000  
0.8649778231018018 0.552640377442879 5000  
0.8191077033084267 0.5043796243257169 5000  
0.6895649746795833 0.5673827836531857 5000  
0.7482999002446049 0.5966547337011957 5000  
0.8903738972332227 0.5000678357912293 5000  
