1.1005841220924406 3.664602029512123 5000  
0.9428370002734954 0.5012774211926032 5000  
0.9428370002734954 0.5010653005161161 5000  
0.7480146692216305 3.8818481081860514 5000  
0.7705153019692287 0.7485456844940649 5000  
0.9104158687488974 0.754645677937074 5000  
0.8403708894225591 0.5311143347369527 5000  
0.7718554019835803 0.5083203849598612 5000  
0.8766024908399768 0.5083203849598612 5000  
0.7015942087204494 0.5068875157178246 5000  
0.6362558599520302 0.7340586448386562 5000  
0.9137765608426629 0.6273509897251504 5000  
0.79964598111939 0.9508996982011998 5000  
0.7455885676414933 0.5137965654848231 5000  
0.693772353546843 0.6367241015181566 5000  
0.8887190584606783 1.3067423953874615 5000  
0.6946823562794168 0.7410270753850808 5000  
0.5172348557653925 0.5029456702610313 5000  
0.6639148990797252 1.137653766582429 5000  
0.9298056439272097 0.5005605487696376 5000  
