1.059158922439355 3.7172295254252106 5000  
0.9485587059439712 0.5010816838465435 5000  
0.9485587059439712 0.5007884172158581 5000  
0.8422706395527392 3.71604623301161 5000  
0.6856206696017428 0.5017196158686117 5000  
0.6167663566888709 0.555449507259071 5000  
0.6432706578483693 0.5000912609879568 5000  
0.8806709582686927 0.5679737952961901 5000  
0.5963836909287104 0.5799710541655245 5000  
0.7049874837747203 0.5001586776200364 5000  
0.888776174172008 0.5064471332587107 5000  
0.7017194860444157 0.6928680448643343 5000  
0.9154585419966718 0.5070058307933853 5000  
0.7683145080181877 0.5099124045875582 5000  
0.747720791813658 0.5096536240868238 5000  
0.7246894450087772 0.5106300023323442 5000  
0.8292298646565199 0.5000199745739564 5000  
0.7550177636231228 0.5110487787017831 5000  
0.7384593080771238 0.5519205562018167 5000  
0.5440742818815916 0.5004009774422579 5000  
