0.6137700541643998 3.9846434178683365 5000  
0.9531619771854326 0.5010007006770425 5000  
0.9531619771854326 0.5010004733560958 5000  
0.6062369559168534 3.250103462308771 5000  
0.7611001195147018 0.5342679534116423 5000  
0.6062369559168534 0.5030564806588773 5000  
0.836465479537793 0.5016319228575095 5000  
0.8600715033604942 0.5016085746647335 5000  
0.6891325463338301 0.6373244095988925 5000  
0.735113050514483 0.53690788415795 5000  
0.714007462692929 0.5005077153502728 5000  
0.5494466078647445 0.5030564806588773 5000  
0.6671368086543478 0.5000426629698536 5000  
0.898690708832036 0.5060463380769193 5000  
0.7434813215480638 0.5016085746647335 5000  
0.8588649224770357 0.6373244095988925 5000  
0.8581790614295213 0.6373244095988925 5000  
0.562975955521217 0.6373244095988925 5000  
0.6898184073812967 0.6373244095988925 5000  
0.898690708832036 0.5060463380769193 5000  
