3.9615749440824817 0.5032376613515752 5000  
0.5074409358329462 1.2980742948980188 5000  
3.9615749440824817 0.5003079816090394 5000  
0.5074409358329462 1.2980742948980188 5000  
1.6341603583620152 0.5757966857393013 5000  
1.3479702356837158 0.5003469297332539 5000  
0.5074409358329462 1.0374700611914778 5000  
0.7220255458051446 0.6168442006804459 5000  
0.8983787015378533 0.509378003782956 5000  
0.5713633839306057 0.5000447466695017 5000  
0.5636322305984237 0.6077786778130202 5000  
0.9655088451949023 0.509378003782956 5000  
0.9384182601810794 1.2739748667428792 5000  
0.5000116731988759 0.6284427816114155 5000  
3.363099514728668 0.5001090928780438 5000  
0.8367957593984109 0.5117007276014918 5000  
1.0621529185262333 0.5000410383499632 5000  
3.363099514728668 0.5002240291904265 5000  
0.6476787365970339 0.5038922256424208 5000  
0.826562191690486 0.6107730543685683 5000  
