3.8100112044741494 0.500002923290414 5000  
0.5000024867873971 1.5050252358761005 5000  
3.8100112044741494 0.500002923290414 5000  
0.500000729814296 1.5050252358761005 5000  
0.641375283474078 0.5002804734504029 5000  
0.7208166619187755 0.5000006879104433 5000  
0.8236665431974288 0.5005688765264581 5000  
1.480148447490714 0.5000145966286236 5000  
1.9322741129495449 0.5000183656643074 5000  
0.9428760286338493 0.5120893723120798 5000  
2.1615601979342496 0.5000042767202026 5000  
0.5358198058363322 0.8589821440940404 5000  
0.7824048077464729 0.5046013340728082 5000  
1.3193629822765112 0.5725724854365208 5000  
3.4520721376337877 0.5112865835587913 5000  
0.7492265462800546 0.5002804734504029 5000  
0.9974467920829068 0.7651779456179297 5000  
1.1522859757083534 0.5046013340728082 5000  
1.0061071804940485 0.5000385205520308 5000  
0.5661224429609891 0.5002804734504029 5000  
