0.27339999999999964
0.32869999999999955
0.5362999999999998
0.09309999999999974
0.20209999999999972
0.08230000000000004
0.14509999999999934
0.29190000000000005
0.19039999999999946
0.6187999999999994
0.4123000000000001
0.3732999999999995
0.03949999999999998
0.23819999999999997
0.13739999999999952
0.0837
0.27339999999999964
0.32869999999999955
0.5362999999999998
0.09309999999999974
0.20209999999999972
0.08230000000000004
0.14509999999999934
0.29190000000000005
0.19039999999999946
0.6187999999999994
0.4123000000000001
0.3732999999999995
0.03949999999999998
0.23819999999999997
