0.30779149012352786
0.3028654732063794
0.27081923711281175
0.3042235063686833
0.29554466176115524
0.2836699469761493
0.29609241523206276
0.3091597504728369
0.29893789234813506
0.28966788307950697
0.3121729551610323
0.2818472311916158
0.2881677734431245
0.2907468235983535
0.3017141664935313
0.2757368429253499
0.30779149012352786
0.3028654732063794
0.27081923711281175
0.3042235063686833
0.29554466176115524
0.2836699469761493
0.29609241523206276
0.3091597504728369
0.29893789234813506
0.28966788307950697
0.3121729551610323
0.2818472311916158
0.2881677734431245
0.2907468235983535
