0.0025433177344536327
0.002763351305372363
0.002081722678838943
0.003567000607589688
0.0023165566727348774
0.0025738964572337626
0.002166977588471818
0.003549247103468227
0.003014287472176239
0.0022997507301976854
0.003507937753727101
0.0027794100624254927
0.002578740387728153
0.002460528592740644
0.002771894291445466
0.0026721577374975085
0.0025433177344536327
0.002763351305372363
0.002081722678838943
0.003567000607589688
0.0023165566727348774
0.0025738964572337626
0.002166977588471818
0.003549247103468227
0.003014287472176239
0.0022997507301976854
0.003507937753727101
0.0027794100624254927
0.002578740387728153
0.002460528592740644
