0.1568000000000005
0.18740000000000023
0.04200000000000004
0.051899999999999946
0.03739999999999999
0.5155000000000003
3.082200000000001
0.2869999999999999
0.03510000000000002
0.10139999999999993
0.1609000000000007
0.0990000000000002
0.05140000000000011
1.1814
0.23850000000000016
0.032500000000000084
0.07230000000000025
0.03260000000000007
0.05810000000000004
0.31070000000000064
0.07560000000000056
0.04370000000000007
0.5620000000000003
0.04720000000000013
0.17360000000000042
0.41690000000000005
0.41050000000000075
1.3626000000000005
0.05369999999999997
0.037799999999999945
