0.3411818177466445
0.23428803783572172
0.22326607912768792
0.2094044805846874
0.22919145543668962
0.25252705836082323
0.23694217893675304
0.2504068630143556
0.27366452757955334
0.22819737418264738
0.2506133588680228
0.23102827428383968
0.2361068755570219
0.26111133850267815
0.24720219121444706
0.25092419964830237
0.2836053703403557
0.26815006381577094
0.1942285131167083
0.21802393724837282
0.23706052798726254
0.2386503254517292
0.2467787009472468
0.19308022935382335
0.21002931110879863
0.24400952899338363
0.2197353354761919
0.2849770250168653
0.21410378587376627
0.23527420135031396
