0.0047129277846844906
0.002367318937965424
0.00244150090296508
0.0029586011002179845
0.0024797449459507143
0.002505108760133898
0.007595672544891339
0.0025139354570864673
0.003255279159885547
0.002745701636471938
0.0025531443042521042
0.0023647167910208376
0.002443532667340336
0.00326293902211453
0.002113336091187485
0.002222888534777327
0.0030857608770434287
0.002670940454452402
0.0029174295906038614
0.0026796580789682023
0.0024929693345694124
0.0029933550126380695
0.0023703329869854033
0.00262658016882683
0.0026828909192476483
0.0026188482243505356
0.0023945274174249132
0.0038352097914983565
0.002545705508724931
0.002623322813816104
