3.903403714902322 0.5001964543596118 5000  
0.9668218741757741 0.5000191099963613 5000  
3.903403714902322 0.5001964543596118 5000  
0.9668218741757741 0.5000191099963613 5000  
3.144169113538086 1.6343346732850632 5000  
1.3165005536278875 0.5858018475755207 5000  
1.8027534612155272 0.505223724512232 5000  
1.2149866037946608 0.5134283493774354 5000  
1.3168028966878338 0.5008652529638347 5000  
0.9950777432441629 0.5004029340022845 5000  
1.638786710751235 0.5008189409326017 5000  
1.3617078034391152 0.5112773953072056 5000  
1.5226847468438636 0.5008652529638347 5000  
1.4463284463256956 0.500003227928653 5000  
1.0789090005770225 0.5000036447898999 5000  
1.465936894833968 0.5132811380114621 5000  
2.0135832617003127 0.5051681454762718 5000  
2.1267271164004664 0.7344678356217873 5000  
1.4007292842049508 0.5008652529638347 5000  
1.1966337851528808 0.5597953088943203 5000  
