3.9855704761074877 0.5011147657801018 5000  
0.9589285325037332 0.500302359368751 5000  
0.9586702501025074 0.5001102807490768 5000  
3.9855704761074877 0.5011147657801018 5000  
3.039493790826433 1.3734985895377823 5000  
1.243868816903937 0.5174753902756672 5000  
1.7609148542347302 1.4299197280674034 5000  
1.17323418501377 0.5152576609190735 5000  
1.1164877186431719 0.5128315920885615 5000  
1.7769487078272628 0.5675778415786673 5000  
1.35544040888776 0.5000427913629325 5000  
1.4267684679660593 0.5000427913629325 5000  
1.7933567173801173 0.818919442002928 5000  
1.45457840579116 0.5004248767787272 5000  
1.1070738375506324 0.5465475913936507 5000  
1.0559486251361272 0.5128315920885615 5000  
1.097501203728781 0.7086474272411067 5000  
1.7469220760701027 0.9209973230190363 5000  
1.644254980014603 0.5248056493173108 5000  
2.04892375474748 0.500271110854152 5000  
