0.034499999999999975
0.08499999999999996
0.06579999999999997
0.46140000000000025
0.14749999999999996
0.13699999999999957
0.08180000000000032
0.08230000000000004
0.5220000000000002
0.0934999999999997
0.2552000000000003
0.26670000000000016
0.4612999999999996
0.08920000000000006
0.2533000000000003
0.14949999999999974
0.034499999999999975
0.08499999999999996
0.06579999999999997
0.46140000000000025
0.14749999999999996
0.13699999999999957
0.08180000000000032
0.08230000000000004
0.5220000000000002
0.0934999999999997
0.2552000000000003
0.26670000000000016
0.4612999999999996
0.08920000000000006
