0.3083044525936664
0.28537576016728267
0.281518494542835
0.29165942385628235
0.27722993198583296
0.2784054331399564
0.2662703776029357
0.284094913559191
0.2995345978758395
0.3150644292924185
0.30026646461001305
0.3395822011641623
0.3053305221174855
0.2742008021095246
0.28041578797013816
0.29056937832137497
0.3083044525936664
0.28537576016728267
0.281518494542835
0.29165942385628235
0.27722993198583296
0.2784054331399564
0.2662703776029357
0.284094913559191
0.2995345978758395
0.3150644292924185
0.30026646461001305
0.3395822011641623
0.3053305221174855
0.2742008021095246
