0.002884914462796312
0.003428883333844739
0.002272488137924407
0.002179919878164985
0.004889250155414896
0.002882941978378462
0.0027271904389702226
0.003921771961375093
0.0028549374138302883
0.003345469239895137
0.003073025965467458
0.004323863143441934
0.002413709095059445
0.0027864537283706927
0.0023838035854291282
0.0031307517083038723
0.002884914462796312
0.003428883333844739
0.002272488137924407
0.002179919878164985
0.004889250155414896
0.002882941978378462
0.0027271904389702226
0.003921771961375093
0.0028549374138302883
0.003345469239895137
0.003073025965467458
0.004323863143441934
0.002413709095059445
0.0027864537283706927
