3.9613891040928824 0.500518722478594 5000  
0.5144006982008538 1.3243816328723867 5000  
3.9613891040928824 0.501154507137834 5000  
1.0420369774829714 0.6648067162413178 5000  
2.3378768382171438 0.5038672416341002 5000  
0.8695528207445735 0.5005684825531316 5000  
0.7364244517099757 0.5037483950009507 5000  
0.7783207845550889 0.5038820121669398 5000  
1.0636507142260148 0.5002167260072136 5000  
0.5645115281085131 0.567322371613985 5000  
1.7718118296078225 0.5077816467079023 5000  
1.4052231974854439 0.500000809210879 5000  
0.8151847430378685 0.5018586059036265 5000  
3.599100926092007 0.5037640101309601 5000  
1.1963571110283946 0.500000809210879 5000  
0.6933973610318012 0.5011767352446085 5000  
0.6933973610318012 1.0767764906032702 5000  
0.6832950414708808 1.2939323704333332 5000  
0.8485166813640723 0.5002541205990887 5000  
0.6844468536568119 0.5002293284356474 5000  
