0.32149999999999945
0.0494
1.1868999999999996
1.3586999999999998
0.8485999999999994
1.4889999999999999
0.06690000000000007
0.03969999999999996
0.10890000000000022
0.22719999999999985
0.04500000000000004
1.0680999999999994
0.3274999999999997
0.03539999999999921
0.23599999999999977
1.3325999999999993
0.048799999999999955
0.26180000000000003
0.04069999999999929
0.03110000000000035
0.1628999999999996
0.5519999999999996
0.03590000000000004
0.07699999999999996
0.7279
3.3682
0.0484
0.032200000000000006
0.09199999999999964
0.051999999999999935
