0.0019615679134500027
0.002150069674200429
0.0027016460325861727
0.003030985315003818
0.0024841125293803123
0.003435202409354485
0.001959425040437545
0.0021083234436872363
0.0018927025550470507
0.0022308566490016673
0.0020420012505497605
0.0024223917901388323
0.002032427850485986
0.0022661643037305192
0.001967966512907774
0.002625483982981012
0.0020454882527464998
0.002321557623539677
0.0019010881785337878
0.002171382578915701
0.0021081818849045947
0.0019109189825063314
0.0025485866883424462
0.002237542408014236
0.002402845944926826
0.007770780465967509
0.001987304241290828
0.0022931249514982093
0.002309339439175116
0.002006724738552116
