3.8101437244838823 0.5005233322604232 5000  
0.9773325690653949 0.5000030002033233 5000  
0.9773325690653949 0.5000030002033233 5000  
3.80944577359782 0.500083206724929 5000  
1.2508139902050925 0.5000014152869628 5000  
1.3905218005137856 0.7316586655378786 5000  
1.224979929011914 0.6143830467789108 5000  
1.9160028828412852 0.8383752666321966 5000  
2.5047550770490097 0.8407403299090097 5000  
1.612647567522254 0.8444138029891303 5000  
1.544042828537778 0.5001799441691515 5000  
1.612647567522254 0.7368304030917439 5000  
1.162764591226952 0.5000029841189809 5000  
1.1181340987403041 0.5007807077994535 5000  
1.0567504676906838 0.5000082240468368 5000  
1.9112627601892285 0.5000030006996742 5000  
1.3511393374337692 0.501900744175176 5000  
1.3511393374337692 0.5019487719049194 5000  
1.0953246163657673 0.5009254562825168 5000  
1.0263325940544203 0.5009227123693741 5000  
