0.9637369608612019 0.5001030738455771 5000  
3.9605920529669403 0.5000439469840199 5000  
0.9637369608612019 0.5000206363866544 5000  
3.9605920529669403 0.5000439469840199 5000  
1.4704817570186925 0.5007734565650411 5000  
1.3949365257102018 0.5423046228002704 5000  
1.7685293107042497 0.755287618242709 5000  
1.0311585458730539 0.5331347584622022 5000  
3.07838408344489 1.4516589190643878 5000  
2.8629706286751424 1.734568980845797 5000  
1.2074060863254572 0.5000312797964851 5000  
1.2470200185462108 0.5012766524729346 5000  
1.073011253514754 0.533203090334196 5000  
1.8317895093771 0.5786137040878159 5000  
1.673890292307243 0.534559979146046 5000  
1.1359593827894325 0.5017877534450615 5000  
1.2842634479692396 0.5116378282288725 5000  
1.1041227024345832 0.5000439469840199 5000  
1.236821666227682 0.6310157724272605 5000  
1.7484397675378074 0.5007734565650411 5000  
