0.2640122897976433
0.28417566268459565
0.28823557268647426
0.2763476123887547
0.2579998541767644
0.26500906600172924
0.28272351936984275
0.26713504239897934
0.26379759936594205
0.3031251378016128
0.3104028947211806
0.2618600302634748
0.2833885297880928
0.2540572323933004
0.27102358545187794
0.268462665711481
0.2640122897976433
0.28417566268459565
0.28823557268647426
0.2763476123887547
0.2579998541767644
0.26500906600172924
0.28272351936984275
0.26713504239897934
0.26379759936594205
0.3031251378016128
0.3104028947211806
0.2618600302634748
0.2833885297880928
0.2540572323933004
