0.0028449511275326442
0.004400590927483002
0.0027321818094047344
0.0030409009571766565
0.004567287715592646
0.0018730180972837747
0.0040555039659029716
0.0020736944890673054
0.0035355118578526204
0.002821609507631637
0.003925012732843316
0.00254994971908296
0.002871226549771058
0.002359933200264095
0.002838944215768718
0.0033425330227299034
0.0028449511275326442
0.004400590927483002
0.0027321818094047344
0.0030409009571766565
0.004567287715592646
0.0018730180972837747
0.0040555039659029716
0.0020736944890673054
0.0035355118578526204
0.002821609507631637
0.003925012732843316
0.00254994971908296
0.002871226549771058
0.002359933200264095
