0.015700000000000713
1.7835999999999999
0.3660999999999994
0.013500000000000068
0.018100000000000005
0.01419999999999999
0.015600000000000058
2.7658999999999994
0.01760000000000006
0.016899999999999693
0.017199999999999993
0.11419999999999941
0.017900000000000027
0.013700000000000045
0.017900000000000027
0.48079999999999945
0.17189999999999994
0.022600000000000064
0.01529999999999998
0.4117999999999995
0.06709999999999994
0.06769999999999943
0.022700000000000053
1.7954999999999997
0.016199999999999992
0.013299999999999979
0.011700000000000044
0.062399999999999345
0.011900000000000022
0.02289999999999992
