0.2844249685316898
0.29406213812946386
0.29932785653456884
0.3060652984223321
0.2920060904984576
0.3120405594969026
0.303278663553674
0.2779973360917084
0.27620642997740613
0.28872842906707824
0.28012711320033556
0.32206166886899734
0.2922969932389481
0.29357803289139073
0.31213105782091977
0.30465873961208384
0.30016466205463266
0.30415235385499384
0.2838887462534822
0.316276109544794
0.2919679096390335
0.2990288031994157
0.2978085188812869
0.2978407805383575
0.29993689969951703
0.2950540922231769
0.2972109266337582
0.3884104222589267
0.32856071922450686
0.2790260146271106
