0.002072302646858181
0.005361889977523317
0.0021440557533666574
0.0026600245704941176
0.0025828555042270445
0.0029202797686115117
0.003064004643657107
0.010474135389075039
0.002432333644693781
0.002394498329733812
0.0022075766710419466
0.0035894348261719003
0.002430232886459972
0.002547290112161431
0.0031548725689946413
0.0027821802109086
0.002572939500839337
0.002529182094431589
0.0023999693366942697
0.0032210812135207304
0.003076656836820549
0.0025377301187777057
0.002691416375733748
0.006451686413872065
0.002555758339427179
0.002528718412158175
0.0034267359492867423
0.007272826365671197
0.0039353411384126765
0.002303973717193555
