-0.18085 109.7091 
0.0 18.574199999999998 
0.0 18.574199999999998 
-0.18085 109.7091 
-1.9999999999999998E-4 74.0923 
-0.11529999999999999 109.59245 
-0.08755 109.21135000000001 
-0.0774 108.96315 
-0.0024000000000000002 88.4468 
-0.06065 107.65424999999999 
-0.0224 104.96475000000001 
-0.001 81.7745 
-0.0123 102.3139 
-0.00355 95.01480000000001 
-0.00815 100.11529999999999 
-0.052849999999999994 107.42055 
-0.0302 106.00835000000001 
-0.02885 105.86234999999999 
-3.0000000000000003E-4 76.81795 
-0.0473 107.20025000000001 
