-0.1928 109.67195000000001 
0.0 12.892199999999999 
-0.07064999999999999 107.87270000000001 
-1.0E-4 68.36945 
-0.04505 107.41815 
-0.01335 102.80760000000001 
-6.5E-4 78.766 
-0.04665 107.54555 
-0.0055 95.09694999999999 
-0.01085 99.83529999999999 
-0.00185 86.9388 
-0.0015999999999999999 85.86475 
-0.00225 92.16075000000001 
-8.500000000000001E-4 81.0937 
-0.01335 102.80760000000001 
-0.01115 100.00905 
-0.012750000000000001 102.59365 
-7.999999999999999E-4 80.70815 
-0.00255 93.1148 
-0.00255 93.1148 
