-0.10364999999999999 109.49255 
0.0 13.1708 
-0.10364999999999999 109.49255 
-1.0E-4 70.61025000000001 
-0.052199999999999996 107.9219 
-0.0327 106.2945 
-0.08499999999999999 109.1837 
-0.0745 108.9137 
-7.0E-4 84.31665000000001 
-0.0687 108.71945 
-0.00715 96.9858 
-0.003 94.1086 
-0.0127 100.8587 
-0.02715 105.20425 
-0.01885 104.3423 
-0.0822 109.12084999999999 
-6.000000000000001E-4 77.98349999999999 
-0.05905 108.30680000000001 
-6.000000000000001E-4 77.98349999999999 
-0.0015999999999999999 89.82740000000001 
