0.0 25.301099999999998 
0.0 25.301099999999998 
-0.15165 109.74095 
-0.0504 107.3305 
-2.5E-4 71.65254999999999 
-0.023350000000000003 104.30195 
-0.030899999999999997 106.08064999999999 
-0.0124 100.51365000000001 
-3.0000000000000003E-4 77.38204999999999 
-0.00495 94.02915 
-0.0031999999999999997 90.83445 
-0.001 86.0531 
-0.02835 105.315 
-0.001 86.0531 
-0.00685 99.10195 
-0.0031999999999999997 90.83445 
-0.001 81.872 
-0.0114 99.98060000000001 
-0.004699999999999999 96.78229999999999 
-0.004699999999999999 96.78229999999999 
