0.09987592964148574 2.807828101706909 0.7814003812352002 10 1  
0.007772358408456324 0.7347705204093253 0.611428409691684 5 1  
0.007772358408456324 0.35984133477624425 0.611428409691684 5 1  
0.09890167589623118 1.0152071819195716 0.6218423523934942 10 0  
0.03161663713120467 2.569725765971827 0.7639309860465769 9 0  
0.08594078911142203 3.8738417411528343 0.6054017066749383 10 1  
0.08012839003120341 1.4521238205718405 0.45564146268307737 10 1  
0.0777209506399609 4.789547903925083 0.7797594628793179 10 0  
0.03749253280569055 5.0562576950185445 0.7942982873739788 10 1  
0.09591387403897078 3.5154132610242472 0.015175327366745761 9 1  
0.07723425383194113 2.8008224793725063 0.7742837156405097 9 0  
0.03161663713120467 2.5466338666810935 0.7721702478698973 10 1  
0.06854053908285923 2.6601278044141563 0.628489092284994 9 0  
0.05424918479745021 3.9606020409036202 0.6161076202729072 9 0  
0.06331151304875937 2.183780338603266 0.6285205827937596 9 0  
0.09289377155640458 2.8316378078489297 0.7814003812352002 9 1  
0.08216773208989454 2.807828101706909 0.7814003812352002 9 1  
0.08138260423863582 1.2027801011383092 0.6218423523934942 9 0  
0.03396770562820261 3.496568427874543 0.013143486634166146 9 0  
0.09059042058509223 2.823593046433346 0.8004283391427881 9 1  
