0.08366603975551289 4.360172129155755 0.8344471389477237 10 1  
0.00146481466246008 1.3234454139266418 0.8918274859627867 5 0  
0.08366603975551289 4.360172129155755 0.8344471389477237 10 1  
0.028714584109234866 0.49042156253225544 0.11318318044904117 9 0  
0.0709267034857724 4.3620490463711405 0.9156989002175457 10 0  
0.08366345866108904 4.380256547403916 0.8344471389477237 9 1  
0.0795980367885405 2.289638688285622 0.9996941572408141 10 1  
0.07709516261029419 2.5997665964444914 0.5172151533549447 10 0  
0.041032824799072755 0.4795960129512621 0.9678102363093872 9 0  
0.0756125408615024 2.5960004937050543 0.13678858742469827 10 0  
0.04683607228206321 3.4454991496545198 0.1663068626857285 10 0  
0.05281881207576248 3.3625382198080382 0.025038640208740075 9 0  
0.05251747934743049 3.356144098261575 0.02643151721911619 10 1  
0.061445849362294275 3.2152446297538564 0.8997845717003523 10 1  
0.07470228659619695 2.134938004790761 0.9932885917910851 9 0  
0.07895739677784604 2.599815049022035 0.5172151533549447 10 0  
0.028564048964322897 0.49838968169476494 0.2597799197302046 10 0  
0.07297271792257456 3.198922526567784 0.7068626128399192 10 1  
0.028564048964322897 0.49042156253225544 0.9398242084524386 10 0  
0.04717413831244814 1.6571000449861972 0.33460725298323574 9 0  
