0.09734633377295776 2.513532427651923 0.40480705462025085 10 0  
0.00557167459528359 2.5368410215560955 0.3736827672305529 5 1  
0.023503748568176906 4.602613536657636 0.7608272890419571 10 0  
0.0833314779843042 4.052380080734637 0.8785629701987021 10 0  
0.08301635059812214 3.9211531513186153 0.87906998299059 10 0  
0.09734633377295776 2.4256824170599276 0.4092882944535719 9 0  
0.07871160328283126 2.3276251086677013 0.23422226234130356 9 1  
0.049044221599301926 2.299211668334401 0.23745759993609059 9 0  
0.05331801071307039 1.4449444449526188 0.6930470892303427 10 1  
0.03318033165399363 3.48717940968721 0.3892980799124576 10 1  
0.06614387194454135 2.6536467858489314 0.9122236356684441 10 1  
0.09734633377295776 2.4256824170599276 0.4092882944535719 9 0  
0.09273442209231852 2.426310520732377 0.4092882944535719 9 0  
0.028480572009116398 0.33392731611139137 0.9311483866782879 10 1  
0.0896715649188387 2.631715057228278 0.4092882944535719 9 1  
0.026614681803457694 2.299211668334401 0.23745759993609059 10 0  
0.041394780287677575 2.299211668334401 0.23745759993609059 10 0  
0.045713546106471624 2.399881413413454 0.025550477784148234 10 1  
0.0631487091059535 2.458148002624821 0.9122236356684441 10 0  
0.0322257769904291 3.48717940968721 0.5353783900429943 10 1  
