0.0021837262694167315 1.194138380890789 0.30646496947309343 5 1  
0.09557440333548065 1.0971151469231637 0.2641798984503085 10 1  
0.0021837262694167315 1.113277374791365 0.30556291210154907 5 0  
0.09565388417450714 1.1259247548456925 0.821059811834783 9 0  
0.019428680429095888 2.1566519746856905 0.20515897335403774 10 1  
0.08452702002191131 1.1259247548456925 0.821059811834783 9 0  
0.09565388417450714 1.1344901289448146 0.8260732605896997 9 0  
0.02580382922325236 0.2658993510569678 0.332563916312705 10 0  
0.05499261936146545 4.185544597486949 0.6548884794917522 10 0  
0.04910855506572657 3.5985397161128385 0.5176684827397839 10 0  
0.039816613567793556 4.6173826081993985 0.8734392047914541 9 0  
0.08452702002191131 4.1507303312453985 0.821059811834783 9 1  
0.05888714056068327 0.1633871386377144 0.2619791127647365 10 1  
0.04086778169139662 2.2661622649450415 0.5176684827397839 10 0  
0.056983905591846594 0.19301280066739723 0.8188588323153885 9 0  
0.028105447890274964 2.024220029686383 0.6500012477877284 10 0  
0.04428932111134873 4.35443061966778 0.6307449795374974 9 0  
0.05690218419921551 3.596514175777732 0.65370534045159 10 0  
0.04910855506572657 4.187570137822055 0.5188516217799461 9 0  
0.043176175620599375 0.1633871386377144 0.9023812415436738 9 1  
