0.09853940082830752 0.49663111023786555 0.2148949726838985 10 0  
0.0016709452987012546 2.9951006211543247 0.662535826703543 5 0  
0.09853940082830752 0.4832606433003188 0.2148949726838985 10 0  
0.03053142496273608 0.8063078616526291 0.47605027224172425 9 0  
0.09853940082830752 0.46403761647517405 0.2490432760880406 9 0  
0.0854489007796522 3.8127287666422127 0.7133280112941633 9 0  
0.05723124146093653 3.820014390769039 0.2781559306249546 10 0  
0.09099417680774996 1.7082794021253678 0.2434960828874808 9 0  
0.04699857963831655 3.186170042083513 0.5360541813491827 10 1  
0.06804867222427406 3.121081257911868 0.6666291480512135 9 0  
0.03753841815222896 0.6093883257602444 0.5617068313223915 10 0  
0.03655125734202168 0.715512471231856 0.6918814440863754 9 0  
0.041047770199026175 0.6370736617254851 0.5641431089496204 10 0  
0.09635375667784352 4.008978688392185 0.10332401161344798 9 1  
0.042389498431709326 0.6370736617254851 0.6918814440863754 9 0  
0.043824660300078554 2.831110115150372 0.9615969700015853 10 0  
0.03735677035138843 0.6370736617254851 0.991582821340076 9 1  
0.07197004225811925 3.851012423721459 0.8331673294845754 9 1  
0.09367254652536282 2.933692192248967 0.6931747792390357 9 0  
0.04572928340084922 0.4519998324067175 0.21081708491055043 10 1  
