0.09985692121822015 2.9795598822207454 0.44951255915676197 10 1  
0.001692572917914915 1.8804925450005223 0.7396777769975796 5 1  
0.09985692121822015 1.3751474915835387 0.6715846297351032 9 1  
0.02693756616750157 4.5088733984416836 0.8076493028937932 9 1  
0.06863552486733078 0.9570756231460059 0.6226801517161504 10 1  
0.06977637424647962 1.54929041032846 0.7028030995175218 9 0  
0.029155378937700555 4.3752950295914514 0.2073468432715287 10 1  
0.0691768751434607 1.3520169123190107 0.6722925438696307 10 1  
0.044460371134681945 2.226522177901234 0.06523481505245372 10 1  
0.05086790559840153 0.6074347344192561 0.8686323604524372 10 0  
0.036005133167087644 4.3752950295914514 0.754905287886386 10 1  
0.035039972819781384 3.7682572329221204 0.30867467655889647 10 0  
0.05011520378989118 0.3598244736444699 0.8487995365542588 9 0  
0.030990906917245164 4.3752950295914514 0.754905287886386 10 1  
0.06977637424647962 1.5473000980977694 0.7028030995175218 9 1  
0.051132794867237645 2.226522177901234 0.7485237898239218 10 1  
0.0691768751434607 1.4895948655319902 0.6722925438696307 9 0  
0.030682754572814372 4.595719293115655 0.754905287886386 10 0  
0.05140794166953376 0.18671738893661738 0.8245176839770645 9 1  
0.05140794166953376 0.3509984048884467 0.8245176839770645 9 0  
