0.015215782329661528 2.3265685826296005 0.5516093422814102 5 0  
0.015215782329661528 2.2631876594902893 0.5516093422814102 5 0  
0.09261699490301838 0.18864038282929196 0.3348171327479977 10 1  
0.09190640088343842 0.16276273456787996 0.3864303598074672 9 1  
0.023975294425206857 1.1743894400601778 0.55190346536032 10 0  
0.05935842207423926 2.138888218600698 0.7028427616364379 10 1  
0.08256262233362338 0.16276273456787996 0.384301301921317 9 1  
0.05206466215533235 1.2401641688138825 0.671183251904359 10 1  
0.034468486076380894 1.0373262638884277 0.643298713060506 9 1  
0.04331281736974124 3.727929166059153 0.8768620081128334 10 1  
0.03985966383463688 3.877099557883496 0.9630275837410512 10 1  
0.04292177818140947 1.6004505731453298 0.5293316543614195 9 1  
0.06188781312551262 3.9416157260324285 0.19221323914595106 10 1  
0.04292177818140947 1.2986507099121338 0.5297245518855217 9 0  
0.06124924210423199 3.728247826011723 0.19221323914595106 9 1  
0.03985966383463688 4.105711778530229 0.5544641679367411 10 1  
0.03169984518378953 0.8125473192783799 0.643298713060506 10 0  
0.0512186721118235 3.6598813112699515 0.6567097596675076 10 1  
0.05705579577129473 2.14961265990085 0.5324113698597939 9 1  
0.05705579577129473 2.14961265990085 0.5324113698597939 9 1  
