0.0025317350065005278 3.137461854968091 0.6492016552153198 5 0  
0.09782804181159077 0.23896420475875527 0.8184342230404429 9 0  
0.001171769240793864 3.2873142380364078 0.6195625066226365 5 1  
0.06340308818253561 2.9137217990432482 0.6364657239384648 9 1  
0.09039768604983217 0.7306560891238907 0.39290582858478906 9 1  
0.09699405786671268 4.7273102918508725 0.38686729271955217 9 1  
0.08562882853164988 4.843470259013505 0.8896977488942169 9 0  
0.07632088154942174 5.050427219407715 0.39065104161900666 9 0  
0.08003143676325794 4.843859313990542 0.8909264461135175 9 0  
0.08928618600123892 4.433986015082896 0.39176376318979034 9 0  
0.0669076195499883 1.5029161568710083 0.054759999498508696 9 1  
0.08294885200120915 4.821683859404854 0.3947108172924485 9 0  
0.07276922839508214 4.869525236432579 0.3939596598277024 9 0  
0.08190892365051874 4.770118617836125 0.978922446285881 9 1  
0.07281797877319282 4.7273102918508725 0.3906642526431465 9 1  
0.0893349363849132 4.860527535277651 0.39177697421393026 9 0  
0.06477145371684855 1.9981756481121682 0.885212275123795 9 0  
0.06676422459647947 1.5747308963821973 0.0819228971004333 9 1  
0.07276922839508214 4.781102243316607 0.39065104161900666 9 0  
0.09701710708623952 0.6343971743299203 0.02323301554688764 9 1  
