0.003103546267597658 4.725171847967608 0.29952732724454195 6 0  
0.09439675021773891 3.5620675775131443 0.8491284899639141 10 0  
0.026596310976615495 2.166668686179421 0.2964818015578791 9 1  
0.08222508575846535 1.4893228819994424 0.5547861706515901 10 1  
0.09053514530098773 3.3907692769132525 0.4669732804040877 10 1  
0.0329586391299066 3.38123174798182 0.47508181515343345 10 1  
0.0598084039502936 2.8894782258694423 0.6284147771835931 9 0  
0.06408147240423748 4.501993337103856 0.9696153413003128 10 1  
0.08138590309931086 1.494977693933901 0.5840768690981579 10 0  
0.0777002415088838 1.0530624828486927 0.7797752982188453 10 1  
0.09083282847267425 3.9918952787099724 0.9784297933033927 10 1  
0.09083282847267425 1.044928285845804 0.567994479515078 9 1  
0.03271338101592928 3.168241407029699 0.6176473762338532 9 1  
0.07287492473924542 1.0530624828486927 0.7343729825374513 10 1  
0.06408147240423748 1.0405075726010589 0.5598098663229825 9 1  
0.07756983369134295 2.5869742405692544 0.516761205128913 9 0  
0.09199981931447973 4.231079540675049 0.5433932312339406 9 1  
0.07677796726994737 4.004130764838127 0.516761205128913 10 0  
0.07294656178414849 2.166668686179421 0.2964818015578791 9 0  
0.02951600423078729 3.9823577497785396 0.964812525000621 10 1  
