3.9044697654119713 0.5001095534183224 5000  
0.5146908884356468 1.3876912329950049 5000  
0.5146908884356468 1.3876912329950049 5000  
3.9044697654119713 0.5000007128854906 5000  
0.9312812924046859 0.5486059161127332 5000  
0.5877541396004411 0.5004314155575661 5000  
0.7993043310131457 0.5150615136425036 5000  
0.7184302936219606 0.5000776904278215 5000  
1.1467674854268812 0.5005123044367243 5000  
0.8311984526537002 0.9500022583898831 5000  
1.4119444730687216 0.5073653908593282 5000  
0.7558016170609045 0.5073653908593282 5000  
0.6739855861198935 0.5094492820987812 5000  
1.00617792560842 0.5486059161127332 5000  
1.7928554843044313 0.5095891932077564 5000  
3.6735927519567446 0.5001576950518909 5000  
0.6192125601131862 1.3876912329950049 5000  
2.2210043305309246 0.5021273375396598 5000  
0.516472032788286 0.7079075097369524 5000  
1.4626849710082968 0.5073653908593282 5000  
