3.980130025213591 0.5001569113171107 5000  
0.5073705553452498 1.2811307706493218 5000  
0.5073705553452498 1.2811307706493218 5000  
3.980130025213591 0.5001569113171107 5000  
1.9933882404599788 0.5013264920980489 5000  
1.3295141537119362 0.5004941729178088 5000  
1.1024727910014054 0.5519165514399279 5000  
0.7758076603167945 0.6180651576670083 5000  
0.9124839583153992 1.0114737835498575 5000  
0.6428426931406747 0.5020391944020344 5000  
0.9763701545364962 0.9337213759270503 5000  
1.24567819597386 0.5004973905899877 5000  
0.9890408965951144 0.500000156998732 5000  
0.5809006417168646 1.1563703809734047 5000  
0.6554680133006483 1.0608073926477553 5000  
0.9823135227431508 0.9002816973784131 5000  
0.612460295159339 0.5017708252501005 5000  
0.9993210548447147 0.6188778116646316 5000  
0.5082261394840978 0.5086404163402434 5000  
0.552662198716618 0.7124988653676408 5000  
