3.810590657397904 0.5000877090323809 5000  
0.5000033661443216 1.505853434429042 5000  
0.5000033661443216 1.505853434429042 5000  
3.8105566071852204 0.5000877090323809 5000  
0.8232842710611727 0.5313934917229027 5000  
0.7122243788047501 0.5108285809668072 5000  
1.3989726231473325 0.5118187589373921 5000  
0.819787007277307 1.545972330073138 5000  
0.6706473735950396 0.5842479488211607 5000  
0.5000024430645942 0.5111354533372384 5000  
3.276565585752782 0.500000203263528 5000  
0.9304843201811186 0.5680849242359433 5000  
1.1350514269142769 0.5118187589373921 5000  
1.62062578286321 0.512437236998354 5000  
0.5959887581655956 0.5431886312539589 5000  
0.6302362708499647 1.545972330073138 5000  
1.8672648041189592 0.5000308840459259 5000  
1.8672648041189592 0.5000308840459259 5000  
0.6066920778635505 0.512437236998354 5000  
1.0246601248663665 0.5155463556740334 5000  
