0.0018146037073093562 5.015547006644936 0.994158384526551 1  
0.09843530201488737 5.011817081601449 0.015319577233351367 1  
0.0030903473050699435 4.695985873275131 0.018315869211497304 1  
0.010696434247666947 4.723243262557183 0.01171759575911885 1  
0.01445052413240348 4.788215104733675 0.011712914178370448 1  
0.021266975358049278 4.7327419255805765 0.021485586098451526 1  
0.03535988823277253 4.70366019022532 0.995866025112534 1  
0.04752574755576865 4.8663081356237115 0.8028197718037342 1  
0.037915126640521525 2.637750903550783 0.9972175800550036 1  
0.01071888343028696 4.723243262557183 0.010391821656149687 1  
0.014805013020957238 4.8663081356237115 0.8283142935115337 1  
0.0012757446073790339 4.7327419255805765 0.03335792816418377 1  
0.04851818845609111 4.723243262557183 0.023678471159383173 1  
0.0015088846566153064 4.362399030328575 0.024277995009657792 1  
0.0522100090353291 4.888855900217152 0.8092922570371073 1  
0.0010404799544406484 4.637675561239152 0.04178822569027374 1  
0.0013301436598050266 4.6404144475404205 0.05324963857466827 1  
0.023092347699104628 4.770725275506729 0.014534994231903705 1  
0.030103082075873963 5.0644456830163405 0.019941334968082765 1  
0.014610617678435758 5.011582797582989 0.9898250010041696 1  
