0.09820953918559888 5.065627853626581 0.02725287771056767 1  
0.0013619570893584562 5.009051447694901 0.980600413400571 1  
0.0013619570893584562 5.009011716008332 0.9923063761156186 1  
0.09942988526647269 5.066433916539607 0.018713468062996952 1  
0.09413410444454547 4.867903373335697 0.49533555081663444 1  
0.07676459103736719 5.024551315334419 0.9575625248482111 1  
0.08826957546130101 5.010186109144795 0.0856044540386161 1  
0.09564270685392626 5.065633343274814 0.6565594315850687 1  
0.02014283169577686 5.069471725525109 0.6864940960116871 1  
0.09822235804383306 5.010186109144795 0.8417007211539955 1  
0.09655445577450647 5.085260932470235 0.3634259153147119 1  
0.0013619570893584562 4.900154387792803 0.986599284428602 1  
0.09806426665335576 4.900184408719924 0.4615453092891407 1  
0.09564270685392626 5.065633343274814 0.6565594315850687 1  
0.061101641451832105 5.06010731984571 0.9437359499709984 1  
0.08826957546130101 5.019210549754932 0.9978484121448083 1  
0.0956070423449278 5.085260932470235 0.3687037617851542 1  
0.09332604532577049 5.041951943706228 0.716151074698662 1  
0.09332604532577049 5.041874655146016 0.716151074698662 1  
0.061101641451832105 5.0601846084059225 0.9437359499709984 1  
