0.0014570032732933716 5.08921856093006 0.9991836761910925 1  
0.09792306357500155 4.91693851888191 0.011169363596141936 1  
0.0014570032732933716 5.08921856093006 0.9991836761910925 1  
0.023121897804834368 5.048773988420829 0.011059074761965153 1  
0.0055240832213143505 5.0979575797160965 0.01586474001374568 1  
0.09573705617345801 4.91693851888191 0.012075339252611672 1  
0.008583845499242473 4.054785954004364 0.011243744795917278 1  
0.0023148304855785734 4.790367568199243 0.08988113231775377 1  
0.002385905579116457 4.78916006194474 0.040506049604953964 1  
0.010841964833876477 4.931159428726594 0.014096159525884212 1  
0.002385905579116457 4.78916006194474 0.011059074761965153 1  
0.018704216840136685 5.048797770956684 0.011002208196453886 1  
0.015010398648084648 5.0979575797160965 0.01630312694543036 1  
0.010428599105421332 4.931159428726594 0.014096159525884212 1  
0.006875306232887993 5.0979575797160965 0.013208903564894906 1  
0.03703659707707698 5.030206114681374 0.7622289325720166 1  
0.01016608011324734 3.189051984056189 0.8979297072238631 1  
0.0023148304855785734 4.888758628378781 0.06416812270981463 1  
0.0023148304855785734 4.888758628378781 0.06416812270981463 1  
0.0010972150415357893 4.793945227470954 0.011002208196453886 1  
