-382.96585000000005 69.84275 
-199.50594999999998 0.0013 
-382.96585000000005 69.84275 
-199.50594999999998 0.0013 
-382.9438 64.68215000000001 
-382.94165 51.96475 
-234.66435 0.158 
-250.01454999999999 0.2522 
-382.6907 45.074799999999996 
-382.9222 51.5612 
-380.8823 29.0587 
-361.06399999999996 8.54185 
-332.7646 3.64015 
-283.18335 0.8456 
-379.82765 23.83785 
-275.33090000000004 0.6716 
-221.43725 0.04315 
-372.765 14.1631 
-382.9646 68.07974999999999 
-353.92715 6.5961 
-204.49685 0.00375 
-357.59000000000003 7.5359 
-368.8406 11.843 
-366.31534999999997 10.444849999999999 
-349.09749999999997 5.7897 
-214.9762 0.022 
-381.85325 33.0542 
-377.58389999999997 19.3405 
-307.77265 1.7263000000000002 
-382.5166 42.067949999999996 
-380.54105000000004 25.971600000000002 
-262.0638 0.40645 
-339.84855 4.30425 
-382.36275 38.72715 
-295.34095 1.2182499999999998 
-375.78115 17.1482 
-319.10135 2.49305 
-378.6648 21.15025 
-380.858 27.190849999999998 
-327.84844999999996 3.0966 
-269.7037 0.58345 
-325.23635 2.7960000000000003 
-302.50135 1.5078 
-376.46304999999995 17.802349999999997 
-381.85119999999995 35.104150000000004 
-374.0408 15.38205 
-382.64175 44.3773 
-294.52175 1.1979 
-220.9778 0.042050000000000004 
-289.1761 1.0181 
