-382.95995000000005 69.56035 
-382.95995000000005 69.56035 
-204.39170000000001 0.007 
-382.93435 51.79755 
-382.95465 66.1241 
-355.93764999999996 7.211 
-345.24825 5.54075 
-382.81174999999996 48.076 
-235.0249 0.1209 
-265.98655 0.49005 
-380.60235 28.17255 
-323.85585000000003 2.7146 
-382.32045000000005 39.7238 
-317.2378 2.27675 
-381.74379999999996 32.3124 
-212.2591 0.01975 
-222.1214 0.0502 
-381.5652 31.046699999999998 
-368.5691 12.193999999999999 
-337.21035 4.02245 
-302.06174999999996 1.61695 
-376.41285 17.77575 
-328.61445000000003 3.13715 
-224.6389 0.0619 
-382.03895 35.6589 
-382.72950000000003 46.36435 
-274.81515 0.6583 
-297.88455 1.3208000000000002 
-293.1858 1.14255 
-238.43630000000002 0.15055 
-252.03865000000002 0.3073 
-271.73575 0.63385 
-371.52645 13.521450000000002 
-357.85299999999995 8.508000000000001 
-258.4543 0.36824999999999997 
-307.796 1.8526 
-382.03895 35.6589 
-360.17915 9.04515 
-382.5087 41.20585 
-378.12065 20.26015 
-363.83119999999997 9.51085 
-248.35719999999998 0.2742 
-366.83235 10.90545 
-312.95085 2.02085 
-281.76824999999997 0.8086 
-374.1588 15.58765 
-288.9127 1.02515 
-382.61835 43.7251 
-286.32195 0.9460500000000001 
-382.62595 44.0299 
