-200.6695 0.0015 
-382.96574999999996 70.10075 
-382.96574999999996 70.10075 
-200.5467 0.0017 
-382.961 65.4051 
-382.94165 51.96475 
-355.3682 7.8154 
-378.20505 20.3604 
-373.8203 15.601849999999999 
-344.20725000000004 4.842499999999999 
-365.7226 10.1959 
-380.6429 27.1453 
-382.66675 44.47895 
-261.50355 0.3981 
-382.3655 40.181799999999996 
-382.1652 36.168800000000005 
-300.94435 1.5039500000000001 
-296.31885 1.2384499999999998 
-336.18129999999996 3.81685 
-232.56945000000002 0.09925 
-279.8894 0.76465 
-382.96495000000004 69.39914999999999 
-332.80105000000003 3.4629000000000003 
-318.35130000000004 2.45685 
-323.3913 2.74 
-247.32999999999998 0.23315 
-311.80875000000003 2.1620999999999997 
-348.47 5.525650000000001 
-226.31310000000002 0.06965 
-379.77505 23.608449999999998 
-368.32735 11.456949999999999 
-381.6642 33.078450000000004 
-378.4321 22.05985 
-268.58825 0.51555 
-276.95395 0.6850499999999999 
-288.3572 1.01875 
-211.5833 0.0146 
-222.07315 0.04815 
-270.69939999999997 0.5851 
-240.72465 0.16720000000000002 
-288.3572 1.01875 
-238.77365 0.15944999999999998 
-382.52235 42.1005 
-255.14605 0.30945 
-382.796 47.56805 
-352.16435 6.627000000000001 
-208.61105 0.00915 
-382.7894 47.390950000000004 
-382.8995 50.600899999999996 
-312.55100000000004 2.20735 
