-382.9605 69.6562 
-203.50375 0.00625 
-382.9605 69.6562 
-382.9554 65.02205000000001 
-382.93435 51.79755 
-234.5971 0.12395 
-379.4212 22.8259 
-364.10555 10.106100000000001 
-249.1362 0.25479999999999997 
-380.7255 27.36535 
-226.4103 0.07215 
-382.09270000000004 36.3792 
-377.71680000000003 19.69965 
-381.52785 30.993499999999997 
-257.91139999999996 0.353 
-357.4633 8.17105 
-353.60555 6.81695 
-294.85585000000003 1.203 
-268.91150000000005 0.6147 
-382.37604999999996 40.33185 
-382.9565 65.97685000000001 
-382.45565 41.0476 
-373.9998 15.6496 
-382.81764999999996 49.43055 
-307.86350000000004 1.9386999999999999 
-289.27185 1.05515 
-330.4523 3.7315 
-300.69365 1.4719 
-380.9158 28.156750000000002 
-381.772 33.3648 
-382.67285000000004 44.74095 
-315.98154999999997 2.1853499999999997 
-336.58574999999996 4.04515 
-338.74905 4.2468 
-375.51895 17.155549999999998 
-347.7786 5.64855 
-376.4875 18.2746 
-371.69039999999995 14.1538 
-219.72665 0.0454 
-368.75329999999997 12.29825 
-381.78055 34.8093 
-216.88645000000002 0.03255 
-371.21505 13.49305 
-367.4022 11.335650000000001 
-284.39515 0.9047000000000001 
-325.66305 2.88105 
-328.0239 3.13495 
-382.67455 44.77845 
-276.2087 0.74895 
-382.78684999999996 47.39425 
