-203.4414 0.00625 
-382.9605 69.6562 
-203.44125 0.0071 
-382.93495 64.46535 
-382.93435 51.79755 
-300.4119 1.41675 
-381.82285 34.2334 
-380.81025 27.5218 
-284.4315 0.9262999999999999 
-224.1737 0.0601 
-270.1621 0.6406000000000001 
-260.49525 0.44825 
-381.90315 36.98995 
-254.07715000000002 0.31505 
-326.006 2.89625 
-346.2605 5.3274 
-309.88275 1.8692 
-320.0156 2.5341 
-382.9583 67.4257 
-382.7134 45.9713 
-212.76825 0.0237 
-231.16320000000002 0.13065 
-376.32394999999997 18.359099999999998 
-351.8836 6.21725 
-380.24365 25.3049 
-332.53340000000003 3.99305 
-378.78815 21.590200000000003 
-382.3007 39.5379 
-382.5944 42.86045 
-340.9752 4.4319500000000005 
-246.845 0.26715 
-374.82165 16.034950000000002 
-354.52340000000004 6.88215 
-372.35195 14.042449999999999 
-277.17075 0.7089 
-313.97180000000003 2.2531 
-382.78970000000004 47.737750000000005 
-373.8951 15.332699999999999 
-342.0635 4.661300000000001 
-382.84515 49.74635 
-281.4054 0.85405 
-331.6305 3.4955499999999997 
-358.11585 7.7330000000000005 
-211.68599999999998 0.020399999999999998 
-237.2281 0.16355 
-366.2015 11.06035 
-377.6761 19.74005 
-243.05665 0.1901 
-361.49915 8.7851 
-364.1094 9.61635 
