-382.94169999999997 69.8408 
-203.83305000000001 0.02845 
-382.94169999999997 69.8408 
-203.83305000000001 0.02845 
-382.91055 51.275949999999995 
-382.93795 66.37610000000001 
-382.34844999999996 38.94175 
-375.4819 17.3226 
-370.00975 12.9598 
-381.86575 33.75145 
-378.5181 21.551450000000003 
-356.3364 8.50315 
-372.91179999999997 15.656600000000001 
-230.93095 0.14565 
-245.86745 0.26125 
-365.5938 10.85225 
-382.83025 50.084500000000006 
-296.94820000000004 1.3625500000000001 
-381.5076 31.9953 
-351.62339999999995 6.5005500000000005 
-382.70565 45.6738 
-277.83955000000003 0.8441 
-328.06275 3.2272000000000003 
-362.1767 9.36275 
-205.33335 0.0311 
-288.1029 1.13035 
-222.43715 0.0877 
-345.826 5.4094999999999995 
-215.33095 0.05305 
-336.76914999999997 4.13295 
-252.20704999999998 0.3584 
-382.54095 42.4923 
-321.00635 2.6529499999999997 
-262.57945 0.6131 
-381.04075 29.1404 
-341.2238 5.23435 
-382.93895 69.7719 
-380.9139 28.5762 
-286.35905 1.004 
-382.93795 66.37610000000001 
-304.61945000000003 1.80285 
-349.73015 6.1691 
-226.98465 0.1172 
-379.26595 23.069049999999997 
-379.7658 24.276049999999998 
-320.14535 2.5907 
-380.293 25.974249999999998 
-331.11725 3.5166 
-338.185 4.7928 
-363.38765 10.32365 
