-382.96445 69.74459999999999 
-382.96445 69.74459999999999 
-201.59475 0.0018 
-382.95140000000004 65.65084999999999 
-382.94165 51.96475 
-382.1649 36.6469 
-372.86485000000005 14.43205 
-378.50260000000003 21.11325 
-380.21465 25.0459 
-381.57965 31.59395 
-343.22535 4.7700499999999995 
-376.5526 18.22005 
-350.19385 6.02 
-331.5009 3.3493500000000003 
-380.65305 27.78715 
-287.27755 1.1320999999999999 
-382.41665 39.6158 
-265.69235000000003 0.4648 
-365.90845 10.3574 
-356.70804999999996 7.46865 
-370.61645 12.8765 
-237.94105000000002 0.13774999999999998 
-381.3279 29.67115 
-302.5256 1.4833500000000002 
-298.56385 1.3884500000000002 
-326.9595 2.9346 
-220.1594 0.0429 
-261.36635 0.39805 
-377.1613 18.652500000000003 
-382.86395 49.79855 
-382.5247 41.4283 
-382.5804 43.1069 
-244.68914999999998 0.19415 
-382.75964999999997 46.60685 
-211.93515000000002 0.0163 
-360.7434 8.52035 
-250.0208 0.2566 
-226.98345 0.0683 
-273.27635 0.62805 
-211.43465 0.014950000000000001 
-308.1275 1.7344 
-317.666 2.26625 
-204.1726 0.00345 
-368.456 11.502400000000002 
-338.1014 4.09835 
-221.7588 0.04845000000000001 
-339.5371 4.21045 
-382.65265 44.9251 
-280.95045 0.79175 
-256.30335 0.32484999999999997 
