0.9976592223224598 39.95536657283541 22 11 0  
0.9912568523047984 39.95536657283541 22 11 0  
3.0602497376491095E-4 31.138508132572717 20 30 1  
0.9959761316717689 39.99925660501577 20 30 1  
0.9872239484508285 39.899239763230746 36 11 0  
0.29805021804978465 39.43282014019575 21 30 1  
0.261908355605544 39.96784677126501 32 30 1  
0.867564294520859 39.99309939300655 20 30 1  
0.049230899945907486 39.580652756011204 20 30 1  
0.09912691886338049 38.75388521400932 21 30 1  
0.49982026737087304 39.96776265628476 31 30 1  
0.20690156832008355 39.98885801685426 20 30 1  
0.7149310407768394 36.91573850014679 20 30 1  
0.1922247535380511 39.99861907285862 21 30 1  
0.5689210826792408 39.580652756011204 20 30 1  
0.01861384847267443 37.65982460075109 20 30 1  
0.030861497580062236 39.736924782395484 20 30 1  
0.5529278875088861 39.580652756011204 20 30 1  
0.38543413565372725 36.265267370549275 20 30 1  
0.2450156046945364 38.88767362426548 20 30 1  
0.16118194509628597 39.94648532987889 23 28 1  
0.4116762328705429 39.95562015212748 20 30 1  
0.2220860641872079 39.075665444071326 20 30 1  
0.034280292962416595 39.83805036644186 22 30 1  
0.6347945916197645 37.932985814837444 20 30 1  
0.8300128626894127 39.08491655215934 20 30 1  
0.11432386184148909 38.737899084550946 20 30 1  
0.15285702693767197 39.99493980992392 21 30 1  
0.14396175107988668 39.83103439457573 20 30 1  
0.05679771159960721 37.826540260548526 20 30 1  
0.07541231988557899 39.249587109357016 23 28 1  
0.11707668920306191 36.110570936201015 22 30 1  
0.3774663819287676 38.88767362426548 20 30 1  
0.31478817389667757 38.359330080866414 32 30 1  
0.08712258630425306 38.555653257061074 20 30 1  
0.17253578082713691 39.99993597792998 28 30 1  
0.6347945916197645 37.932985814837444 20 30 1  
0.31209983011316395 39.891224394209054 32 30 1  
0.7059588465991 39.914393970149135 20 30 1  
0.4366121526079165 39.6808179480745 20 30 1  
0.3264306214284943 39.822991038995454 20 30 1  
0.07472209827550916 36.67514014215851 23 28 1  
0.3454834476195833 39.29329456033313 21 30 1  
0.18307120089455592 39.96784677126501 21 30 1  
0.12325520609339824 39.99239078607217 20 30 1  
0.39834100019084245 38.88767362426548 20 30 1  
0.14004166883979907 38.69057238258358 20 30 1  
0.7656767575645241 39.17674171977547 20 30 1  
0.13139427042127844 39.829133520783195 22 30 1  
0.7542201348935259 39.897015472318714 22 30 1  
