0.9922077518354648 39.896966991917644 21 10 0  
0.004193628310539543 28.275158248813916 20 30 1  
0.9922077518354648 39.896966991917644 21 10 0  
0.9921891824891695 39.945005134024086 40 10 0  
0.9992284983152497 39.96515980415641 20 30 1  
0.048384394366880606 39.768870067683 27 30 1  
0.4605853318801571 39.9915050081199 20 30 1  
0.35995369492984886 36.32432351052156 20 30 1  
0.07419593350738196 37.5277704062368 20 30 1  
0.528004413901967 37.91372590933805 20 30 1  
0.039166508284816604 37.43397422955506 20 30 1  
0.6492801011045651 37.65113861099485 20 30 1  
0.4350371880953955 39.26436694081735 20 30 1  
0.5579189576908571 39.06830329199009 20 30 1  
0.0834773550215962 39.97357407290144 20 30 1  
0.34877526080009563 34.44236473212724 20 30 1  
0.3059211969328295 37.41104268874988 20 30 1  
0.1477227792223754 39.63366285876084 20 30 1  
0.1027214024551591 39.300818916869545 20 26 1  
0.720513879060427 37.340097127190354 20 30 1  
0.9940371403847287 39.945005134024086 36 10 0  
0.720513879060427 38.3866610603729 20 30 1  
0.40796738257674936 37.87069994829532 20 30 1  
0.8889363029198141 39.56285069960849 20 26 1  
0.2029634342320633 33.94051746370586 20 30 1  
0.14464478727588526 37.65928794014515 20 30 1  
0.22408659001997655 39.68892054463713 20 26 1  
0.1674277637137821 37.65928794014515 20 30 1  
0.5367281388207519 37.938286848275105 20 30 1  
0.6061863774614739 37.58012220773553 20 30 1  
0.784689535233183 39.502205215501824 20 30 1  
0.1902139743422048 39.65122807251113 20 30 1  
0.2530973650340377 37.4216856392736 20 30 1  
0.2530973650340377 38.29245902772553 20 30 1  
0.42308846279481993 37.87069994829532 20 30 1  
0.28572865322981 37.47627903659453 20 30 1  
0.4332856851359017 37.96820380942035 20 30 1  
0.3905717074362622 37.87069994829532 20 29 1  
0.02939461950901251 37.43146231768752 20 28 1  
0.3524148322313802 39.76826826906513 27 30 1  
0.6135744727834023 37.3867846551274 26 30 1  
0.025287624424394126 37.44651398867621 20 30 1  
0.38571460589689377 37.87069994829532 20 30 1  
0.3631907560059262 37.73527589964729 20 30 1  
0.13411815544582173 37.99057864846604 20 30 1  
0.2142178531612325 39.22175172321472 20 30 1  
0.2264677032756861 38.092320225166645 20 30 1  
0.7855714942783966 39.502205215501824 20 30 1  
0.1316413933672178 34.44970636440846 20 30 1  
0.8483355145017424 39.96435147473586 20 30 1  
