0.9756189593187108 39.99749567166851 20 10 0  
0.002377328165949044 20.147044669308265 20 30 1  
0.9756189593187108 39.80714745349042 20 10 0  
0.003342780379169241 20.31537531965992 20 30 1  
0.9935245030298708 39.90855889770544 20 30 1  
0.9810660745852712 39.93725369160671 34 10 0  
0.6699720272198144 39.42449224727327 20 30 1  
0.4092486669659301 39.937820627090666 20 30 1  
0.3651745252708396 39.93536635018078 20 30 1  
0.59339323114867 39.16846338298082 20 30 1  
0.45081473931242116 39.96006359286439 20 30 1  
0.3039258066218136 39.93815265151594 20 26 1  
0.3890878238155341 39.46597642004343 20 28 1  
0.06073227740143253 28.909279838577138 20 30 1  
0.07245453531934856 35.96087215648387 20 30 1  
0.34055991537658564 39.88970187958558 22 30 1  
0.9467547409954451 38.07009422651047 20 29 1  
0.1528362483627259 39.982610393409985 20 30 1  
0.5945051757076114 37.07737995995813 20 30 1  
0.2854427762850515 39.39038938465489 20 30 1  
0.8094515914287035 39.36365638160408 20 30 1  
0.13591382941670077 34.30137132942227 20 30 1  
0.21931034412876194 39.75981759268277 20 30 1  
0.32437240031839637 39.914117803667466 20 30 1  
0.0012439642383907934 21.284896516470713 26 30 1  
0.1528362483627259 35.24180668698884 20 30 1  
0.044319694631927614 28.9552282784938 20 30 1  
0.2664833310021903 39.94200962141477 20 30 1  
0.02810648318901659 31.62080792317794 20 30 1  
0.2411799610439362 39.82589523313579 20 30 1  
0.08705519901120276 34.381524731403566 20 29 1  
0.7448668944734761 38.782987150434586 20 30 1  
0.20287271317448197 39.941349662397535 20 30 1  
0.13591382941670077 27.046151114499153 20 30 1  
0.526502971254892 39.82589523313579 23 30 1  
0.277030124725867 36.25740246830004 20 28 1  
0.991004950257164 39.414538615789475 20 10 0  
0.5201632178635338 39.990424585714536 23 30 1  
0.13301561169644727 39.982192252042445 20 30 1  
0.9810660745852712 39.90855889770544 34 10 0  
0.16817067860193208 39.98285108470961 20 28 1  
0.28403559617586427 38.73783253027986 20 30 1  
0.04716161851046557 32.27115914921701 20 28 1  
0.46602567427502006 39.8174797264021 20 30 1  
0.47837610890218196 39.96278303242656 20 30 1  
0.2009261685871398 39.94200962141477 20 30 1  
0.502882490612151 38.855748297291235 20 30 1  
0.22676176487118577 39.64696243943334 20 30 1  
0.26788634666326794 36.25740246830004 20 28 1  
0.33159913869879193 39.96850839924783 20 28 1  
