0.9970443664894725 39.999200622269974 21 11 0  
0.0012992359266778067 24.66678860601117 20 30 1  
0.9970443664894725 39.999200622269974 21 11 0  
0.0012992359266778067 24.66678860601117 20 30 1  
0.9978485044945707 39.32889837207304 40 11 0  
0.9976905050911712 39.982179769405995 20 30 1  
0.07256490850717906 27.199221785334704 20 30 1  
0.07256490850717906 39.035859272477225 20 30 1  
0.7910619307444569 39.61728478887025 20 30 1  
0.9841765760861688 39.562816393521594 20 30 1  
0.509469857766675 39.92079237595815 30 30 1  
0.3175024042668443 39.39857920334978 20 30 1  
0.24677419213634277 36.81458301889136 20 30 1  
0.12790813200608248 39.11921370364446 20 30 1  
0.47288521907760406 39.577174399349516 20 30 1  
0.11631831669179543 38.35854846925329 21 30 1  
0.029806803184737107 39.792482112417915 20 30 1  
0.3759358908940007 39.97963387470555 20 30 1  
0.9976132741975767 39.98815914285435 28 11 0  
0.287198953072014 39.99835881153608 20 30 1  
0.007610863950364172 38.58853882829245 20 30 1  
0.30010923803107964 39.93086598665078 21 30 1  
0.3609436548233897 38.76166524871633 20 30 1  
0.33689937539456777 39.96550153997226 20 30 1  
0.28477315986585544 38.11750841644076 20 30 1  
0.021008707579695585 39.98323747486128 20 30 1  
0.5759648236534818 39.81296158184879 20 30 1  
0.42873997223472593 39.577174399349516 20 30 1  
0.173260528984191 39.57199086203366 20 30 1  
0.7391462090201022 38.49835092679085 20 30 1  
0.4919906858798173 39.87421437904127 20 30 1  
0.08980263989249337 39.96074808774154 20 30 1  
0.24746793514680437 39.58644819512515 21 30 1  
0.6599018823384734 39.98126728818788 20 30 1  
0.15033289304831843 39.17324944708266 20 30 1  
0.4139838679327933 38.86739232208894 20 30 1  
0.2136524055189804 36.599965667827014 20 30 1  
0.44478681087784455 39.730809685907055 20 30 1  
0.5048065919003295 39.99499495241524 20 30 1  
0.2257319953976712 38.12130235329826 20 30 1  
0.10461081668179212 39.0418854113734 29 30 1  
0.20940177210332883 39.9936297114742 20 30 1  
0.16615230574182083 38.75672742675549 20 30 1  
0.4139838679327933 39.577174399349516 20 30 1  
0.6599018823384734 35.34028745424205 20 30 1  
0.3955285183356988 38.99458606451 20 30 1  
0.7727220369096541 39.345760085302494 21 30 1  
0.15038778499468286 38.75672742675549 20 30 1  
0.02992349428489438 38.86461788980883 20 30 1  
0.13935377976811736 38.99181163222989 20 30 1  
