0.008864642630600328 28.094413128827004 21 30 1  
0.9936015143864273 39.967165346185034 21 10 0  
2.835298611258974E-4 28.094413128827004 38 30 1  
0.9998878860221517 39.14344900394407 40 10 0  
0.9936015143864273 39.97852258610801 20 30 1  
0.1592286505949445 39.42963172760958 20 30 1  
0.5821664190577946 39.436303226077214 26 30 1  
0.5236704004230261 38.46677843279583 20 30 1  
0.13872781251556127 36.77027463776463 20 30 1  
0.03485047211190412 38.47335753597097 20 30 1  
0.12722259736604283 32.49732070915903 20 30 1  
0.10664199739590877 32.85490326470729 20 30 1  
0.5964154594870619 39.348149275172496 35 30 1  
0.08239301621829451 37.474976230490086 20 30 1  
0.21349160908812176 39.49915578065655 20 30 1  
0.27548945062838387 38.200712181640974 20 30 1  
0.181232055781426 38.81414932742967 20 30 1  
0.2108136240131097 37.474976230490086 20 30 1  
0.9936015143864273 39.97903995676341 30 10 0  
0.8201115635410849 39.07335075689569 20 30 1  
0.02389655320251194 31.222533360056982 21 30 1  
0.056088509485572285 31.222533360056982 38 30 1  
0.4457941274652725 36.78056175984835 20 30 1  
0.2814654710359575 39.98061065991595 20 30 1  
0.49410913075582724 38.980804356257 20 30 1  
0.23603588273362083 38.477302155808104 35 30 1  
0.44735595543343465 39.874356776147664 21 30 1  
0.7139580590546529 36.736377428019715 20 30 1  
0.7392292687983638 39.99963393568248 20 30 1  
0.24929436480345776 39.99590175371599 20 30 1  
0.08536492006356275 31.222533360056982 21 30 1  
0.39492528685249734 39.9657888553707 20 30 1  
0.29787152163127734 38.803772985069486 20 30 1  
0.3745738697217048 39.99715239282839 21 30 1  
0.11794339894709487 38.908209334330365 20 30 1  
0.19704518671698046 37.474976230490086 26 30 1  
0.8631629650855017 39.3909734027578 20 30 1  
0.39492528685249734 38.989695532548815 20 30 1  
0.2602458017957008 38.603414414362504 20 30 1  
0.9320938957964491 38.75651410443353 20 30 1  
0.13538979079610633 36.1137379091955 20 30 1  
0.23824161978642627 37.66927322611065 20 30 1  
0.30686265740359414 39.32040280695627 20 30 1  
0.0172441283279422 38.79395262191597 35 30 1  
0.0671791034908927 31.222533360056982 20 30 1  
0.3745738697217048 35.98432577633327 20 30 1  
0.4395517340084131 38.82569845163289 20 30 1  
0.06285532638796923 38.473435455702244 21 30 1  
0.32288001918133497 39.016627867192405 20 30 1  
0.3276871409617868 39.999968442360625 20 30 1  
