0.9968821564857675 39.98852406141609 24 15 0  
0.9996323759428306 39.988384720712766 24 15 0  
0.0028455339383328115 32.45337166246072 20 30 1  
0.9992630032382211 39.58466244027964 39 15 0  
0.9995881617608438 39.99617790125131 20 30 1  
0.6399613037446545 38.7401076268209 20 30 1  
0.3822087555851036 39.359683496124845 21 30 1  
0.45470313680909996 38.657888515658634 20 30 1  
0.48806736337720746 39.30100650232938 20 30 1  
0.5743604348908861 38.2784792583287 20 30 1  
0.26115587781336896 38.92534528325606 20 30 1  
0.4304770621999402 38.21612867220972 20 30 1  
0.286532498049464 38.35835641555641 21 30 1  
0.22562170269553883 39.65476166871951 20 30 1  
0.516124574647035 38.909111294692316 21 28 1  
0.13320590063597704 39.83229127159667 20 25 1  
0.6765856573897544 39.79291814878666 20 30 1  
0.09567461466774982 39.9971061212244 20 30 1  
0.34063501663611767 39.24545076959495 20 30 1  
0.3089102220980871 38.38846890162909 21 30 1  
0.3671201671376435 39.2723764361708 21 30 1  
0.0536601187678714 39.40322517068314 20 30 1  
0.532470906410788 39.774692077351844 21 30 1  
0.1618458914171032 39.779344908998794 20 30 1  
0.16558828312163326 37.07890333112439 20 30 1  
0.21339265872229052 39.965063668746396 20 30 1  
0.029141655702149494 38.41402667142033 32 30 1  
0.08944132904627883 39.56918528695995 20 30 1  
0.41925014332271093 39.99161225772153 20 30 1  
0.9099175282899952 39.903943821840144 21 30 1  
0.7089608790653837 39.987778739601495 20 30 1  
0.7561790361396239 38.859448717944204 20 30 1  
0.06302819500733846 39.82662708055089 20 30 1  
0.8258667569799827 39.896906913937606 20 30 1  
0.017027453909183476 39.79391232256634 34 30 1  
0.32178677013655155 38.73070732177929 20 30 1  
0.07109753233102055 39.82662708055089 24 30 1  
0.03785176352573605 39.42060749179083 20 30 1  
0.11428216505767386 37.83565763154166 20 30 1  
0.01678071532610456 38.909111294692316 20 28 1  
0.17252925151949627 39.98852406141609 20 30 1  
0.1928799101434533 39.82662708055089 20 30 1  
0.006912764387018197 39.79035397479658 20 30 1  
0.3503952870321858 39.65252641959167 20 30 1  
0.24708894922744534 38.90934374478701 20 30 1  
0.030341080501365067 39.686266207855276 32 30 1  
0.2446103333233962 39.91308317534304 20 30 1  
0.7914349848550468 38.859448717944204 21 30 1  
0.12169886708912242 39.81875542963058 22 30 1  
0.08082158185068632 39.82662708055089 20 30 1  
