2.2312108230873595E-4 28.040358793943554 20 30 1  
0.996392266822798 39.98122119240902 20 11 0  
0.996392266822798 39.98122119240902 20 11 0  
0.005953891297604319 26.009513333461445 20 30 1  
0.9987022879507179 39.985757430377724 40 13 0  
0.9999568175827588 39.99983956638814 20 30 1  
0.29334426862927376 39.92397771919329 36 30 1  
0.43906119729041626 39.52444229121132 20 30 1  
0.4157111638795764 36.99619657641832 20 30 1  
0.2574007327705353 39.995390679358785 20 30 1  
0.33444332058180626 39.847496446547225 20 30 1  
0.5309274284377071 37.426914063575815 20 30 1  
0.7762445733575232 39.68325847866812 20 30 1  
0.08896474180010827 39.87445663177172 20 30 1  
0.7184887683568894 37.27518364054008 20 30 1  
0.6204096108645614 39.776660824801375 20 30 1  
0.16725785773211205 37.802581922478545 23 30 1  
0.1493933255469763 39.9850924821953 20 30 1  
0.23586999845733836 39.99900206501161 20 30 1  
0.045255805823784856 39.88543051708219 20 30 1  
0.11964151581197457 39.88543051708219 22 30 1  
0.996392266822798 39.92907939738807 24 13 0  
0.22739177277932843 39.92397771919329 20 30 1  
0.21381420096908135 36.27339736618439 20 30 1  
0.21575769102044295 37.9820489874572 20 30 1  
0.07275459256774525 36.76663648541975 20 30 1  
0.19049828370876434 37.802581922478545 30 30 1  
0.26984991462492625 39.970845343321535 20 30 1  
0.04070393890436036 35.92435658143345 20 30 1  
0.46742127166187064 39.99832779360724 20 30 1  
0.3509629445353249 39.51233888338621 20 30 1  
0.6184661192179013 36.27339736618439 20 30 1  
0.5036322559862765 34.99368794697223 20 30 1  
0.10045952302692518 39.88543051708219 20 30 1  
0.1147318621311009 39.82400630196401 20 30 1  
0.13968629516411213 38.48642653276838 22 30 1  
0.017535736098153454 37.78779867266198 20 30 1  
0.03312065086891622 37.022968130530025 20 30 1  
0.10982961999522406 37.80209730090977 22 30 1  
0.06146309325048094 37.11913126488087 20 30 1  
0.13968629516411213 38.48642653276838 22 30 1  
0.05419677695304287 39.91057217717689 35 30 1  
0.7184887683568894 39.48650776428304 22 30 1  
0.07886225494859483 39.928194365938786 20 30 1  
0.8518236582905996 39.970823961121226 20 30 1  
0.3135382060657426 35.90587516052503 20 30 1  
0.013432369040690617 37.78779867266198 22 30 1  
0.8469100882097534 39.923675362897505 20 30 1  
0.9456765654572216 39.99983956638814 20 30 1  
0.1921365349063186 37.802581922478545 30 30 1  
