1.013529609530217 3.7622698876742735 5000  
0.9529283336133401 0.5000280416678787 5000  
0.9529283336133401 0.5000109196970874 5000  
0.8871650424445942 3.780620778816882 5000  
0.7612626687684663 0.5000755357298117 5000  
0.6269618125792542 0.5000280416678787 5000  
0.8753954928547705 0.5003061509675588 5000  
0.7157266695683895 0.5002974023650106 5000  
0.7900601675810999 0.500372092134843 5000  
0.6020062349182335 0.6022844244936851 5000  
0.6685787506269598 0.5162446167862563 5000  
0.9279932807347403 0.5009070638679929 5000  
0.6392242070066315 0.9565532710188185 5000  
0.8897389317624851 0.5298694998439226 5000  
0.814595942867197 0.5008968462593282 5000  
0.5410118785514835 0.5352463615643234 5000  
0.7694701136291627 0.7285493355973727 5000  
0.6514061116559879 0.5298694998439226 5000  
0.814595942867197 0.5008968462593282 5000  
0.5984532787311536 0.6022844244936851 5000  
