-0.9984500000000001 -7.459 
-0.842 -15.46095 
-0.8080499999999999 -15.271 
-0.9957499999999999 -9.33295 
-0.8936 -14.530100000000001 
-0.99785 -8.152000000000001 
-0.98535 -11.17895 
-0.8717999999999999 -15.092749999999999 
-0.9827999999999999 -12.3726 
-0.94085 -14.082450000000001 
-0.8104 -15.45605 
-0.919 -13.694600000000001 
-0.9915 -10.167349999999999 
-0.9718 -13.2778 
-0.9054 -14.330400000000001 
-0.85425 -15.07345 
-0.95285 -14.921700000000001 
-0.9814499999999999 -12.70225 
-0.9856499999999999 -10.507950000000001 
-0.9292 -13.47795 
