-0.82875 -15.597850000000001 
-0.9957 -8.03975 
-0.9957 -7.9296999999999995 
-0.7718499999999999 -15.597850000000001 
-0.96435 -11.1525 
-0.94095 -10.210899999999999 
-0.9881500000000001 -9.5294 
-0.8027 -15.5933 
-0.8588 -15.321850000000001 
-0.9237500000000001 -11.896650000000001 
-0.9751 -10.606399999999999 
-0.9924 -8.695 
-0.9111 -13.791 
-0.9273499999999999 -12.694500000000001 
-0.91795 -13.218499999999999 
-0.8953 -14.41675 
-0.87775 -14.93795 
-0.8410500000000001 -14.778500000000001 
-0.8815999999999999 -14.113299999999999 
-0.8893 -12.803450000000002 
