1.0167142968030165 0.5009380253372221 5102  
2.3410269202883134 3.9999951751811325 7130  
2.3410269202883134 3.9999992529035198 6765  
1.0703225582168978 0.5000071457147913 5170  
2.6317277038699496 3.9791585671383913 5465  
2.3835002317166896 3.949865764620015 5920  
0.8054072950227471 0.5017219867452929 6938  
0.6893556835543913 0.5034663785993633 8801  
0.978997701616695 0.5778486418392894 5761  
2.391929761956892 3.7946482704074973 5823  
2.472450457733173 3.9791585671383913 5358  
0.768860441054341 0.5065969587570281 7572  
2.5128618864966454 3.910990464247169 5393  
0.8596855597934702 0.5358354023244742 6534  
0.6819768142627012 0.5811475595040976 9393  
0.8884658450828171 0.5017219867452929 5961  
0.7435883688703548 0.568451454882642 7712  
0.783690336128008 0.5880966746182037 8020  
0.5741085452819461 0.5172864953394293 10274  
0.6651491486317034 0.5878512500941623 9457  
