1.6618142728785705 1.587215566917837 5172  
2.309088923122367 3.998341913197894 7045  
2.349518542784548 3.98343845901515 8161  
2.4066784847264655 3.3772121559894823 5117  
2.547640277524826 3.999934960282604 5985  
2.562605359935189 3.869412292216311 5498  
2.4988378308498946 3.869412292216311 5347  
2.3398993128149455 3.878633028274416 6784  
1.8208458436690533 2.050901067971753 5246  
2.404752461326543 3.869412292216311 5405  
2.480165959527166 3.999934960282604 6515  
2.688972596368424 3.9815850952039797 5260  
1.8645426777080345 2.0103297382830525 5151  
2.4817304293806832 3.645989331017132 5454  
2.8085645584588654 3.965336260995191 5169  
1.7293443364260441 2.0103297382830525 5273  
2.2959289789963093 3.983486050581682 8114  
1.8208458436690533 2.111397771757579 5113  
1.8088240821781358 2.207435696466525 5275  
2.309088923122367 3.9634887085296913 6732  
