2.3328823273228894 3.9999898615523857 6882  
1.9914366685835279 2.3727836062863275 5070  
2.332947562590036 3.9939958091477017 6918  
1.8813143916205244 2.359507201553031 5018  
2.3327628193721917 3.3157928094270024 5003  
2.483922205040204 3.7318794654456466 5481  
2.498064517229574 3.9156183042882793 5334  
2.668852768187872 3.9999896753208897 5242  
2.599868837711131 3.8006527554458853 5147  
2.3763465932851253 3.9999967024061833 6534  
2.4887503991360274 3.9999967024061833 5753  
2.095869025446867 2.7306017403075025 5195  
2.437419742219654 3.9999898615523857 6108  
2.4147620813718302 3.9986826628232017 6354  
2.588909966039214 3.99871711333109 5353  
1.9914366685835279 2.6305675149287486 5389  
2.56192925099862 3.96262317527709 5351  
2.464835088251992 3.9999930024315495 5815  
2.3686685127581852 3.300802515373295 5144  
1.9659454150064954 2.6501966510552224 5444  
