2.3080135833429765 3.944620502499227 7056  
1.1125070626386044 0.5705062179854794 5157  
1.1223157010109122 0.5051744713412463 5058  
2.3080135833429765 3.9985934547177795 8767  
1.2083398869679194 1.1759982754303704 6445  
2.43824417815241 3.1061884040161836 5061  
1.072973741318925 0.728563363889764 5816  
2.2937784184608483 3.9229906215104586 7693  
2.4128206781132495 3.9981687820642873 6426  
2.797870429484345 3.995828418246706 5076  
1.1520667667718067 1.0085121348037334 5929  
1.1125070626386044 0.6914807916534975 5381  
2.611583632474633 3.999609129106314 5539  
2.7108065548529274 3.8969272059832885 5142  
2.543213384773263 3.7091641994062887 5486  
2.543213384773263 3.9774110294960496 5600  
2.4767754206947163 3.9943003076526367 6015  
2.498608562423907 3.9943003076526367 7054  
2.577336993630003 3.961968080359352 6068  
2.7100246053214976 3.942162290458354 5862  
