1.0384290176146544 0.5199645681145546 5074  
1.0878407779443098 0.5000278275201369 5220  
2.3400815701746227 3.9826423799879827 8231  
2.36957598901375 3.982903992139628 8873  
0.8056293838537488 0.5055565769001131 7741  
2.731163645526018 3.9970507061782286 5203  
0.942830512002861 0.5108707750361083 5801  
0.7754031705805786 0.5417911633998183 7622  
2.6588926037322347 3.937538912749158 5807  
2.4227608459223906 3.664856146922548 5436  
2.3400328479651034 3.701500427367055 5962  
0.8753838761028676 0.5021227314546773 6396  
2.36957598901375 3.8680668851577935 6236  
0.6771375717219436 0.5999953628360126 9964  
0.8361341679606962 0.5140147846302686 6851  
0.6771375717219436 0.5751314666129455 10153  
2.361075440361058 3.934265170163301 7460  
2.36957598901375 3.9047285570820853 8320  
2.3400815701746227 3.9826423799879827 8939  
2.4368349798698645 3.9826423799879827 6719  
