2.3316299009982693 3.995617346234957 6669  
1.0571393037942265 0.5222153924023998 5027  
1.0790854052480883 0.5118328468124911 5067  
2.3554176602759376 3.9765342998247752 8772  
0.9729085235961348 0.9097945381339491 7595  
2.5183216327730396 3.3280083253409485 5055  
2.6845308287671674 3.9943655753251512 5437  
2.361498005544518 3.9760982572497854 7953  
2.5565493215786916 3.907949807883079 6392  
1.0769707053503943 0.6800185276347206 5794  
0.939812666985717 0.5058746653361954 6221  
2.4141346587037833 3.861148608929785 6145  
2.3279131319788133 3.9765342998247752 9082  
2.4141346587037833 3.753114107698341 7063  
2.506653928655568 3.991535247882437 5587  
0.9009270488205817 0.590659617799175 6880  
0.9906933544611242 0.7103299053016581 6225  
2.623429553533383 3.962079495611149 5611  
2.602648965602624 3.8639223937808893 5764  
2.4060868488885068 3.9942199960649916 6982  
