2.309974303869973 3.9490015694106617 6771  
1.1772378305582656 0.5756012022313826 5153  
1.508557404741588 1.6435476540549085 5392  
2.507469538867287 3.956538007803161 5870  
2.460827856852145 3.973576455905642 6170  
2.5547985443131704 3.97235648086144 5383  
2.5901303142474044 3.8967127592464106 5099  
1.421528930159863 1.2200087743689259 5175  
1.3644204512002986 1.3329458023011687 5424  
2.3644384215785466 3.91674047360211 6852  
2.6428262385436496 3.8414453367228547 5229  
2.6428262385436496 3.973576455905642 5248  
1.3931368091283434 1.061382795405607 5034  
1.4116731335090205 1.302981279804409 5253  
1.3543264531567267 1.2457918653733024 5292  
2.259229921939488 3.1310057946664767 5020  
2.290279047478405 3.1858612211634645 5516  
2.309968528683044 3.1310057946664767 5202  
2.408762807035253 3.9838754174818574 6464  
1.4770216847516948 1.6435476540549085 5093  
