1.0690005618335134 0.5046626778048571 5057  
2.3413199259646773 3.9972616377067856 6285  
2.3535076975506106 3.8723076404298795 8094  
0.9076119916246677 0.5056723789322436 5921  
2.4671147805376723 3.855512339348132 5917  
1.0087813548014692 0.5326862860129549 5516  
0.8404240506744468 0.6014644890120555 7508  
2.4636826314461766 3.99133515324679 6647  
0.7399267887943387 0.5140890159425258 7694  
0.7153936244053736 0.6439236518523632 10044  
2.3535076975506106 3.9942509732691795 8042  
2.31645369968693 3.461685754173903 5557  
0.8539637933872477 0.5056723789322436 6745  
0.7436563128362965 0.614329225843621 7848  
2.5264753552380577 3.9118539749203745 5846  
2.4671147805376723 3.9982469358367148 6737  
0.6107591355173241 0.50451702938834 11028  
0.7247230290724729 0.5007416684823671 7993  
0.8547458520671934 0.5577884556783119 7400  
2.663224371795965 3.9971545881900714 5080  
