2.331060438682525 3.992878442638069 7119  
1.0986614154858398 0.53457155740763 5249  
1.0937667750709528 0.5139386101302762 5040  
2.336164160805872 3.9852328306521696 7554  
2.465358435235284 3.570610534862275 5227  
1.0633051880044133 0.5056063598759829 5801  
2.5693931586071774 3.8564184983165326 5093  
0.9862814481329458 0.9896066294472762 8239  
0.9209368636638304 0.50144048747582 5628  
2.5703340690300163 3.968618615188125 5463  
1.0099451563960715 0.9914632564508925 7229  
2.4552957195516028 3.9686091084195803 5834  
2.3841097173096872 3.952078818028617 6065  
2.4931120499130484 3.9236967778753766 5499  
0.9862814481329458 0.7454891651634359 5825  
2.6005853078287684 3.9830008988485743 6083  
0.9200846426721427 0.7454891651634359 7384  
2.4890607123465633 3.969410218745606 7005  
0.9961286170363706 0.8509336277020629 7653  
1.0982292601608938 0.9914632564508925 6348  
